Combinations	core	pangenome	variable
2	100539	104890	4351
2	101359	104328	2969
2	99762	105856	6094
2	100479	106327	5848
2	100648	105950	5302
2	99039	106239	7200
2	99790	105630	5840
2	100572	104394	3822
2	100772	105949	5177
2	99548	104943	5395
2	101480	106002	4522
2	100731	105556	4825
2	99422	105920	6498
2	101809	106353	4544
2	100965	106577	5612
2	101930	105032	3102
2	100138	105834	5696
2	100898	106336	5438
2	99484	106280	6796
2	97568	105841	8273
2	97140	105451	8311
2	101852	105668	3816
2	98874	105084	6210
2	100651	106235	5584
2	100162	106015	5853
2	99607	106131	6524
2	99883	106012	6129
2	100423	106255	5832
2	101595	104890	3295
2	99291	106131	6840
2	100443	106065	5622
2	99838	105683	5845
2	100817	105872	5055
2	101001	105193	4192
2	99931	105691	5760
2	99100	105083	5983
2	101574	106218	4644
2	101450	106324	4874
2	99615	105927	6312
2	101316	106439	5123
2	100539	104683	4144
2	98693	106044	7351
2	98679	105661	6982
2	101035	105281	4246
2	100345	105860	5515
2	99628	105527	5899
2	100332	105771	5439
2	99372	106088	6716
2	100400	105108	4708
2	101119	104426	3307
2	100646	104753	4107
2	100721	105746	5025
2	101202	105625	4423
3	100112	106516	6404
3	97948	106791	8843
3	98973	106369	7396
3	98011	106532	8521
3	98038	107105	9067
3	99120	106456	7336
3	99720	105539	5819
3	97189	106981	9792
3	98646	106419	7773
3	98829	106108	7279
3	97788	106714	8926
3	99361	106077	6716
3	97071	106893	9822
3	97315	106852	9537
3	96346	106694	10348
3	98758	106550	7792
3	97783	106985	9202
3	100179	106898	6719
3	99645	105386	5741
3	99034	105373	6339
3	96745	106520	9775
3	97467	106919	9452
3	99362	105507	6145
3	97081	106965	9884
3	97288	107008	9720
3	95850	106640	10790
3	96981	106792	9811
3	97758	106691	8933
3	100030	105469	5439
3	97953	106711	8758
3	97245	106564	9319
3	99466	106559	7093
3	99673	106487	6814
3	97915	106248	8333
3	97901	106897	8996
3	98760	107230	8470
3	97705	106498	8793
3	98725	106445	7720
3	98088	106636	8548
3	99835	105355	5520
3	98880	106219	7339
3	99916	105345	5429
3	99368	106603	7235
3	96547	106753	10206
3	100086	106296	6210
3	97746	106244	8498
3	98588	106905	8317
3	98742	106863	8121
3	97053	106863	9810
3	99206	106923	7717
3	99706	106187	6481
3	98185	106921	8736
3	96906	106917	10011
3	96909	106956	10047
4	95933	107256	11323
4	98093	107002	8909
4	98591	107039	8448
4	97374	107082	9708
4	98159	107384	9225
4	97952	107273	9321
4	95946	107230	11284
4	97929	106541	8612
4	97421	106900	9479
4	96827	106899	10072
4	97554	106572	9018
4	98274	107157	8883
4	94602	107194	12592
4	94680	107177	12497
4	98613	107086	8473
4	97416	107322	9906
4	96873	107187	10314
4	97202	107172	9970
4	94995	107048	12053
4	97187	106984	9797
4	97279	107301	10022
4	96058	106832	10774
4	97572	107113	9541
4	97861	106733	8872
4	97428	106825	9397
4	96219	106830	10611
4	93864	107529	13665
4	95728	107220	11492
4	97455	106582	9127
4	96989	106917	9928
4	96420	106982	10562
4	97822	107168	9346
4	96825	107205	10380
4	96580	106847	10267
4	100177	106769	6592
4	95121	107350	12229
4	97605	106821	9216
4	92969	107364	14395
4	97630	107015	9385
4	98407	106755	8348
4	98640	106717	8077
4	99036	106228	7192
4	96464	105918	9454
4	97475	106624	9149
4	93792	107071	13279
4	97950	107217	9267
4	98683	107137	8454
4	97466	106584	9118
4	96487	106540	10053
4	97093	107199	10106
4	96676	107009	10333
4	99670	105730	6060
4	96443	107117	10674
4	98347	106429	8082
5	96352	107436	11084
5	96507	107595	11088
5	97340	107193	9853
5	96642	107288	10646
5	97518	106954	9436
5	96670	107310	10640
5	97355	106933	9578
5	95054	107099	12045
5	95877	107090	11213
5	96428	107476	11048
5	97582	107087	9505
5	96239	107259	11020
5	96357	107568	11211
5	95183	107223	12040
5	94493	107187	12694
5	95895	107563	11668
5	96917	107371	10454
5	95522	107409	11887
5	95052	107267	12215
5	98099	107219	9120
5	99044	107222	8178
5	95771	107419	11648
5	96577	106865	10288
5	95036	107193	12157
5	95237	107492	12255
5	96461	107471	11010
5	97911	107154	9243
5	95862	107195	11333
5	95228	107583	12355
5	97411	106563	9152
5	96431	107225	10794
5	96279	106985	10706
5	95945	107618	11673
5	93980	107435	13455
5	97859	106956	9097
5	94611	107398	12787
5	96269	107509	11240
5	96745	107351	10606
5	95228	107072	11844
5	94995	107638	12643
5	95841	107554	11713
5	95399	107321	11922
5	95381	107450	12069
5	94810	107363	12553
5	98039	107216	9177
5	93540	107430	13890
5	93865	107306	13441
5	97910	107208	9298
5	95571	107693	12122
5	95501	107424	11923
5	95471	107478	12007
5	95940	107384	11444
5	96678	107522	10844
5	95586	107175	11589
6	95881	107702	11821
6	96905	107198	10293
6	95588	107432	11844
6	95273	107665	12392
6	95690	107200	11510
6	92977	107765	14788
6	94943	107527	12584
6	95011	107573	12562
6	93746	107716	13970
6	96040	107556	11516
6	96452	107339	10887
6	92848	107523	14675
6	95847	107648	11801
6	96499	107572	11073
6	94721	107508	12787
6	95043	107364	12321
6	93831	107109	13278
6	96078	107404	11326
6	94511	107665	13154
6	94308	107518	13210
6	94354	107714	13360
6	95613	107621	12008
6	94634	107349	12715
6	94989	107322	12333
6	96996	107253	10257
6	95299	107167	11868
6	94737	107762	13025
6	97211	106798	9587
6	95779	107037	11258
6	95550	107446	11896
6	95294	107641	12347
6	95635	107379	11744
6	94395	107692	13297
6	96072	107131	11059
6	96935	107352	10417
6	96283	107473	11190
6	96166	107565	11399
6	95899	107280	11381
6	94093	107428	13335
6	97633	106916	9283
6	94418	107462	13044
6	96363	106935	10572
6	95380	107582	12202
6	95393	107550	12157
6	93900	107549	13649
6	95308	107575	12267
6	94689	107482	12793
6	94151	107642	13491
6	95939	107121	11182
6	95016	107730	12714
6	95400	107588	12188
6	91377	107681	16304
6	95290	107627	12337
6	96226	107391	11165
7	94335	107567	13232
7	95127	107754	12627
7	94416	107585	13169
7	92737	107764	15027
7	93036	107712	14676
7	95437	107474	12037
7	93308	107370	14062
7	95071	107743	12672
7	94914	107654	12740
7	96083	107363	11280
7	94025	107733	13708
7	96506	107440	10934
7	96288	107612	11324
7	93960	107660	13700
7	94588	107627	13039
7	93835	107682	13847
7	91718	107433	15715
7	92244	107463	15219
7	95374	107594	12220
7	94412	107677	13265
7	90927	107830	16903
7	95470	107654	12184
7	93737	107798	14061
7	93369	107917	14548
7	96434	107298	10864
7	94424	107249	12825
7	94779	107532	12753
7	94898	107551	12653
7	94639	107745	13106
7	95539	107522	11983
7	93927	107562	13635
7	93071	107412	14341
7	94986	107787	12801
7	93167	107714	14547
7	94288	107558	13270
7	93689	107636	13947
7	94113	107416	13303
7	94441	107583	13142
7	94086	107663	13577
7	93030	107655	14625
7	94580	107353	12773
7	94851	107645	12794
7	94327	107477	13150
7	92766	107716	14950
7	93004	107745	14741
7	96028	107320	11292
7	92768	107610	14842
7	92586	107876	15290
7	94204	107618	13414
7	92190	107752	15562
7	94875	107516	12641
7	94075	107797	13722
7	94657	107515	12858
7	94944	107728	12784
8	94873	107710	12837
8	91656	107688	16032
8	94899	107817	12918
8	92927	107775	14848
8	93268	107524	14256
8	94056	107441	13385
8	94119	107601	13482
8	94085	107622	13537
8	95003	107703	12700
8	94958	107758	12800
8	95361	107873	12512
8	92268	107679	15411
8	95059	107739	12680
8	93233	107746	14513
8	91716	107942	16226
8	92973	107752	14779
8	95042	107351	12309
8	94213	107678	13465
8	93472	107769	14297
8	93042	107772	14730
8	95404	107685	12281
8	94733	107494	12761
8	93868	107745	13877
8	95873	107646	11773
8	94896	107915	13019
8	92767	107791	15024
8	93908	107678	13770
8	94240	107624	13384
8	92492	107875	15383
8	94035	107702	13667
8	94158	107722	13564
8	94133	107466	13333
8	92407	107836	15429
8	90955	107836	16881
8	91886	107846	15960
8	92995	107876	14881
8	93147	107628	14481
8	94953	107832	12879
8	92815	107691	14876
8	95428	107631	12203
8	93230	107577	14347
8	94161	107389	13228
8	93228	107748	14520
8	91857	107976	16119
8	93734	107801	14067
8	94356	107561	13205
8	94861	107380	12519
8	94690	107477	12787
8	95523	107631	12108
8	93590	107718	14128
8	92827	107750	14923
8	93860	107444	13584
8	93679	107700	14021
8	93434	107566	14132
9	93492	107693	14201
9	93835	107677	13842
9	96008	107740	11732
9	90639	107888	17249
9	93568	107835	14267
9	92510	107652	15142
9	91772	107918	16146
9	93789	107640	13851
9	91061	107916	16855
9	93113	107735	14622
9	94811	107395	12584
9	94369	107753	13384
9	91482	107871	16389
9	93554	107929	14375
9	92448	108015	15567
9	92299	107875	15576
9	91633	107843	16210
9	94753	107512	12759
9	93717	107484	13767
9	93366	107697	14331
9	91606	107950	16344
9	89816	107975	18159
9	93179	107677	14498
9	93927	107690	13763
9	92978	107833	14855
9	92286	107857	15571
9	93262	107850	14588
9	92736	107878	15142
9	90479	107851	17372
9	94026	107790	13764
9	93936	107928	13992
9	91929	107831	15902
9	90709	107919	17210
9	94525	107832	13307
9	93911	107767	13856
9	91377	107938	16561
9	92650	107882	15232
9	94499	107473	12974
9	93349	107918	14569
9	91640	107978	16338
9	94682	107957	13275
9	91204	107936	16732
9	94073	107649	13576
9	92054	107964	15910
9	93174	108055	14881
9	90574	107938	17364
9	89252	108005	18753
9	91828	108006	16178
9	92236	107833	15597
9	92390	107756	15366
9	94172	107609	13437
9	91236	107800	16564
9	92491	107776	15285
9	93074	107922	14848
10	92068	108069	16001
10	92917	107957	15040
10	91244	107940	16696
10	93443	107753	14310
10	93206	107830	14624
10	92576	107925	15349
10	91276	107808	16532
10	91353	107804	16451
10	89234	107993	18759
10	94027	107809	13782
10	89607	107938	18331
10	91375	107947	16572
10	90459	108060	17601
10	93886	107627	13741
10	90961	107977	17016
10	94314	107953	13639
10	93480	107805	14325
10	93707	107937	14230
10	93271	107961	14690
10	92356	107813	15457
10	92182	107861	15679
10	91086	107830	16744
10	92659	107880	15221
10	92274	108010	15736
10	91657	107930	16273
10	94198	107687	13489
10	93018	107590	14572
10	92014	107827	15813
10	92488	107857	15369
10	92027	107885	15858
10	91274	107941	16667
10	93565	107974	14409
10	90904	107894	16990
10	94264	107874	13610
10	92950	107645	14695
10	92467	107709	15242
10	91245	107799	16554
10	89345	107852	18507
10	91886	107844	15958
10	93392	107974	14582
10	89324	108040	18716
10	92351	107991	15640
10	92089	108032	15943
10	93465	107692	14227
10	94118	107686	13568
10	93394	107832	14438
10	91389	108068	16679
10	92912	107979	15067
10	92390	107810	15420
10	91860	107933	16073
10	92543	107839	15296
10	91925	107948	16023
10	91924	107956	16032
10	92018	107994	15976
11	91428	107957	16529
11	90497	107931	17434
11	90460	108041	17581
11	92084	107814	15730
11	93169	107840	14671
11	94276	107851	13575
11	88504	108112	19608
11	92875	107751	14876
11	92591	107803	15212
11	89416	107938	18522
11	89632	108115	18483
11	88667	108086	19419
11	94859	107657	12798
11	91753	107897	16144
11	90912	108093	17181
11	91250	108024	16774
11	91836	107892	16056
11	92889	107963	15074
11	92517	107831	15314
11	90713	107978	17265
11	90555	108033	17478
11	91381	107932	16551
11	91862	107880	16018
11	93522	108004	14482
11	89410	107888	18478
11	89630	108088	18458
11	90697	107966	17269
11	91311	108056	16745
11	92159	107961	15802
11	91710	107890	16180
11	91062	107796	16734
11	91412	107984	16572
11	91221	108049	16828
11	92391	107816	15425
11	92556	108004	15448
11	93826	107887	14061
11	91045	107882	16837
11	91610	107977	16367
11	90461	108048	17587
11	93399	107942	14543
11	93342	107924	14582
11	91137	107996	16859
11	92293	107851	15558
11	91597	107981	16384
11	92932	107773	14841
11	93437	107960	14523
11	91291	107915	16624
11	92206	107975	15769
11	92053	108079	16026
11	91741	107818	16077
11	90345	107906	17561
11	92202	107952	15750
11	89930	108069	18139
11	91504	107791	16287
12	90957	108088	17131
12	91964	107747	15783
12	91956	107850	15894
12	89025	108095	19070
12	90145	108089	17944
12	91277	107946	16669
12	91934	107887	15953
12	91860	108048	16188
12	90946	107912	16966
12	90557	107965	17408
12	90919	108078	17159
12	88948	108127	19179
12	89399	108120	18721
12	90968	107908	16940
12	90691	108100	17409
12	91874	107958	16084
12	92373	108079	15706
12	93157	107969	14812
12	91138	108056	16918
12	91079	107875	16796
12	91506	107914	16408
12	92366	107955	15589
12	90681	107881	17200
12	90176	108025	17849
12	93192	107774	14582
12	91111	107995	16884
12	89921	107930	18009
12	93040	107860	14820
12	89961	108087	18126
12	91589	108014	16425
12	92021	107941	15920
12	94422	107423	13001
12	91914	107952	16038
12	91847	107885	16038
12	91679	108072	16393
12	92132	108061	15929
12	91319	107857	16538
12	87664	108117	20453
12	90863	108006	17143
12	93163	107915	14752
12	91358	107946	16588
12	91018	107933	16915
12	91482	108104	16622
12	93086	108085	14999
12	90329	107988	17659
12	90948	107975	17027
12	90975	108025	17050
12	91798	107948	16150
12	91454	107893	16439
12	91730	107959	16229
12	92741	107950	15209
12	90394	108084	17690
12	90564	107917	17353
12	91263	107999	16736
13	90675	108001	17326
13	92582	108036	15454
13	92360	107980	15620
13	88247	108121	19874
13	90114	108012	17898
13	88637	108175	19538
13	92060	108030	15970
13	90171	108067	17896
13	91763	107843	16080
13	87661	108201	20540
13	90760	108097	17337
13	91620	107943	16323
13	90617	108001	17384
13	91604	107982	16378
13	90944	108078	17134
13	91971	107925	15954
13	90294	108054	17760
13	92415	108064	15649
13	89749	108057	18308
13	93220	107976	14756
13	90279	108080	17801
13	91447	107960	16513
13	92297	107991	15694
13	90705	108035	17330
13	91346	108033	16687
13	89732	108055	18323
13	88889	108091	19202
13	91419	108041	16622
13	89114	108052	18938
13	90186	108043	17857
13	90569	107975	17406
13	90705	108062	17357
13	92615	107977	15362
13	90476	108026	17550
13	88314	107994	19680
13	89079	107885	18806
13	92100	108056	15956
13	90069	108120	18051
13	90728	107962	17234
13	91439	107977	16538
13	90238	107938	17700
13	92709	107948	15239
13	89451	108000	18549
13	90990	107996	17006
13	88490	108095	19605
13	89733	108135	18402
13	89238	107956	18718
13	89644	108005	18361
13	92136	107897	15761
13	90081	108130	18049
13	88256	108169	19913
13	89371	108030	18659
13	91334	108056	16722
13	88324	108080	19756
14	91952	107837	15885
14	89449	108031	18582
14	91581	107936	16355
14	92769	107990	15221
14	90823	108105	17282
14	86664	108107	21443
14	89432	108039	18607
14	89174	107976	18802
14	90662	108036	17374
14	89314	107960	18646
14	91464	108046	16582
14	91939	107825	15886
14	89022	108154	19132
14	90224	107871	17647
14	89246	108130	18884
14	87660	108127	20467
14	89648	108060	18412
14	89356	108059	18703
14	89702	107914	18212
14	89510	107953	18443
14	90766	107965	17199
14	90964	108078	17114
14	90157	108067	17910
14	89329	108093	18764
14	89603	108077	18474
14	90920	107960	17040
14	92097	107937	15840
14	91853	107843	15990
14	88582	108058	19476
14	90645	108096	17451
14	89810	108138	18328
14	90860	108019	17159
14	91307	108035	16728
14	91556	107936	16380
14	88706	108130	19424
14	90341	108010	17669
14	89466	108100	18634
14	89701	108065	18364
14	91342	107949	16607
14	89653	108188	18535
14	88444	108043	19599
14	90151	107939	17788
14	89839	108067	18228
14	87241	108059	20818
14	85965	108193	22228
14	91675	107961	16286
14	88648	108167	19519
14	88212	108065	19853
14	91102	108076	16974
14	91132	107792	16660
14	90021	107938	17917
14	90950	107959	17009
14	91443	107887	16444
14	89957	108112	18155
15	88149	108198	20049
15	88311	108115	19804
15	92133	107919	15786
15	88784	108050	19266
15	90261	108089	17828
15	91832	108066	16234
15	87085	108139	21054
15	89661	108149	18488
15	90555	108068	17513
15	90793	107980	17187
15	89388	107999	18611
15	90688	108171	17483
15	91415	108068	16653
15	91332	108092	16760
15	91227	108028	16801
15	89749	108050	18301
15	89336	108085	18749
15	90585	108108	17523
15	90097	108091	17994
15	88480	108086	19606
15	87437	108197	20760
15	88606	108032	19426
15	90115	108005	17890
15	89549	108065	18516
15	90297	108078	17781
15	88440	108159	19719
15	89310	108150	18840
15	92776	108004	15228
15	86221	108150	21929
15	89317	108167	18850
15	90734	108068	17334
15	91899	107961	16062
15	91470	108063	16593
15	90109	108115	18006
15	88779	108217	19438
15	87675	108257	20582
15	88863	108172	19309
15	89155	108000	18845
15	90037	108133	18096
15	89775	108080	18305
15	88762	107991	19229
15	89853	108019	18166
15	91953	108011	16058
15	89341	108125	18784
15	88908	108179	19271
15	90575	108141	17566
15	90425	108170	17745
15	88843	108108	19265
15	88603	108079	19476
15	89563	108220	18657
15	88409	108077	19668
15	86662	108164	21502
15	89647	108097	18450
15	91559	108038	16479
16	90441	108152	17711
16	90910	107949	17039
16	91677	108060	16383
16	89047	107988	18941
16	89379	108071	18692
16	89192	108201	19009
16	89540	108040	18500
16	91810	108012	16202
16	88974	108042	19068
16	90897	108056	17159
16	92015	107882	15867
16	89302	108071	18769
16	90613	108126	17513
16	91990	107953	15963
16	90249	108175	17926
16	89797	108124	18327
16	89900	108186	18286
16	89328	108146	18818
16	88955	108105	19150
16	90598	108102	17504
16	89135	108059	18924
16	89218	108166	18948
16	89933	108226	18293
16	89454	108052	18598
16	88268	108155	19887
16	89968	108152	18184
16	88426	107963	19537
16	87307	108193	20886
16	87824	108143	20319
16	88463	108047	19584
16	89405	108125	18720
16	91037	108097	17060
16	91579	107996	16417
16	89880	108144	18264
16	87960	108063	20103
16	88397	108056	19659
16	88742	108000	19258
16	88149	108243	20094
16	87508	108117	20609
16	89867	108056	18189
16	89678	108173	18495
16	88466	108103	19637
16	89178	108014	18836
16	91498	107950	16452
16	88187	108073	19886
16	87506	108165	20659
16	92935	107993	15058
16	89331	108151	18820
16	89541	108113	18572
16	89732	107971	18239
16	88469	108136	19667
16	89080	108207	19127
16	90066	108155	18089
16	86422	108169	21747
17	86483	108156	21673
17	87778	108198	20420
17	91750	108108	16358
17	90528	108013	17485
17	89798	108155	18357
17	87559	108176	20617
17	87329	108150	20821
17	85740	108262	22522
17	87912	108050	20138
17	90051	108091	18040
17	88405	108145	19740
17	89666	108059	18393
17	88732	108238	19506
17	90257	108076	17819
17	89200	108189	18989
17	88361	108107	19746
17	89467	108074	18607
17	90794	108042	17248
17	87546	108167	20621
17	90610	108071	17461
17	88097	108125	20028
17	90995	108088	17093
17	88341	108129	19788
17	91267	108060	16793
17	88797	108118	19321
17	90915	108067	17152
17	87709	108144	20435
17	88118	108079	19961
17	91691	108046	16355
17	91677	108090	16413
17	89669	108083	18414
17	87541	108130	20589
17	88331	108216	19885
17	89120	108165	19045
17	90547	108117	17570
17	88747	108149	19402
17	88898	108106	19208
17	88432	108208	19776
17	90271	108149	17878
17	90629	108123	17494
17	87196	108222	21026
17	89789	108112	18323
17	89589	107980	18391
17	87577	108083	20506
17	89775	108162	18387
17	90584	107988	17404
17	89685	108100	18415
17	89950	108175	18225
17	90179	108139	17960
17	89145	108152	19007
17	90765	107998	17233
17	91694	108124	16430
17	88515	108181	19666
17	88921	108153	19232
18	90383	108020	17637
18	90330	108101	17771
18	91819	107995	16176
18	87617	108163	20546
18	88054	108215	20161
18	88620	108016	19396
18	87879	108200	20321
18	89344	108087	18743
18	88873	108236	19363
18	88555	108112	19557
18	91033	107951	16918
18	88882	108149	19267
18	88495	108141	19646
18	89021	108073	19052
18	86425	108247	21822
18	87611	108213	20602
18	88290	108094	19804
18	88281	108216	19935
18	90291	108131	17840
18	88648	108101	19453
18	86415	108168	21753
18	87359	108167	20808
18	87689	108102	20413
18	87161	108196	21035
18	90790	108011	17221
18	88400	108008	19608
18	89993	108014	18021
18	88658	108098	19440
18	88777	108142	19365
18	87080	108190	21110
18	89978	108155	18177
18	86995	108152	21157
18	86139	108189	22050
18	89459	108090	18631
18	87724	108184	20460
18	86626	108216	21590
18	90568	108162	17594
18	87723	108136	20413
18	88982	108219	19237
18	86617	108192	21575
18	87292	108210	20918
18	90083	108178	18095
18	88424	108142	19718
18	88872	108113	19241
18	86985	108184	21199
18	88220	107966	19746
18	89550	108126	18576
18	89168	108112	18944
18	85587	108184	22597
18	91210	108104	16894
18	87191	108201	21010
18	87665	108204	20539
18	89190	108124	18934
18	87112	108096	20984
19	86430	108196	21766
19	88926	108197	19271
19	86972	108111	21139
19	85137	108240	23103
19	87084	108169	21085
19	90336	108218	17882
19	88873	108206	19333
19	87484	108083	20599
19	89649	108238	18589
19	86458	108236	21778
19	86844	108229	21385
19	87776	108242	20466
19	87292	108175	20883
19	90677	108087	17410
19	90197	107974	17777
19	88512	108157	19645
19	91453	108113	16660
19	87989	108210	20221
19	87133	108261	21128
19	86469	108215	21746
19	86562	108201	21639
19	86056	108185	22129
19	89775	108069	18294
19	89200	108191	18991
19	84263	108262	23999
19	89155	108092	18937
19	89348	108086	18738
19	89351	108125	18774
19	88435	108064	19629
19	86641	108176	21535
19	87172	108107	20935
19	91194	107983	16789
19	90699	108074	17375
19	89796	108208	18412
19	89900	108097	18197
19	86751	108103	21352
19	91239	108048	16809
19	89926	108132	18206
19	87840	108135	20295
19	88396	108147	19751
19	87428	108146	20718
19	86705	108193	21488
19	91062	107990	16928
19	86019	108238	22219
19	88329	108200	19871
19	86630	108162	21532
19	89682	108074	18392
19	87990	108229	20239
19	88966	108130	19164
19	91203	107984	16781
19	87316	108196	20880
19	88092	108223	20131
19	87166	108167	21001
19	88915	108181	19266
20	89581	108159	18578
20	87519	108202	20683
20	89681	108107	18426
20	90909	108158	17249
20	87843	108205	20362
20	84548	108237	23689
20	88639	108201	19562
20	87203	108198	20995
20	88796	108069	19273
20	88777	108222	19445
20	88726	108090	19364
20	87844	108177	20333
20	89614	108231	18617
20	88493	108254	19761
20	88851	108180	19329
20	88201	108241	20040
20	85244	108218	22974
20	87625	108109	20484
20	86899	108220	21321
20	86527	108237	21710
20	86018	108190	22172
20	90230	108142	17912
20	89871	108112	18241
20	86691	108176	21485
20	87521	108212	20691
20	87262	108250	20988
20	88155	108247	20092
20	86448	108261	21813
20	86602	108223	21621
20	88565	107988	19423
20	88510	108160	19650
20	86623	108224	21601
20	89394	108090	18696
20	88273	108199	19926
20	86634	108222	21588
20	88706	108211	19505
20	83749	108234	24485
20	88566	108181	19615
20	88714	108182	19468
20	89769	108152	18383
20	87249	108262	21013
20	84678	108240	23562
20	90020	108099	18079
20	85000	108262	23262
20	87356	108235	20879
20	86494	108238	21744
20	89492	108120	18628
20	86444	108227	21783
20	86663	108242	21579
20	89756	108190	18434
20	89032	108255	19223
20	87446	108209	20763
20	87963	108182	20219
20	85601	108212	22611
21	87932	108155	20223
21	88618	108140	19522
21	84272	108254	23982
21	86469	108136	21667
21	90671	108150	17479
21	86518	108198	21680
21	88400	108231	19831
21	88136	108155	20019
21	87467	108195	20728
21	84522	108244	23722
21	90055	108088	18033
21	86730	108221	21491
21	87480	108099	20619
21	87130	108271	21141
21	87765	108187	20422
21	85330	108250	22920
21	89603	108170	18567
21	86003	108266	22263
21	87786	108226	20440
21	85601	108236	22635
21	87327	108190	20863
21	87525	108170	20645
21	88413	108250	19837
21	85927	108233	22306
21	86705	108256	21551
21	88492	108218	19726
21	87408	108161	20753
21	86540	108185	21645
21	89782	108130	18348
21	87182	108191	21009
21	88998	108088	19090
21	87735	108132	20397
21	89280	108170	18890
21	90889	108078	17189
21	87248	108153	20905
21	88050	108232	20182
21	87402	108246	20844
21	86259	108240	21981
21	86739	108178	21439
21	88673	108117	19444
21	86866	108208	21342
21	86876	108139	21263
21	89764	108092	18328
21	87591	108229	20638
21	86244	108223	21979
21	87383	108224	20841
21	86486	108178	21692
21	88391	108212	19821
21	88320	108254	19934
21	87643	108230	20587
21	87289	108177	20888
21	88055	108193	20138
21	88376	108208	19832
21	87560	108109	20549
22	86471	108252	21781
22	86860	108275	21415
22	86722	108216	21494
22	87645	108162	20517
22	85050	108209	23159
22	85852	108246	22394
22	88774	108212	19438
22	88600	108255	19655
22	88946	108227	19281
22	86714	108259	21545
22	85997	108222	22225
22	86467	108241	21774
22	88421	108123	19702
22	87131	108128	20997
22	88188	108078	19890
22	85638	108225	22587
22	88785	108165	19380
22	89194	108246	19052
22	89505	108124	18619
22	88513	108126	19613
22	84918	108272	23354
22	87163	108188	21025
22	87377	108227	20850
22	88327	108226	19899
22	89932	108109	18177
22	86025	108245	22220
22	87939	108255	20316
22	86769	108209	21440
22	87876	108072	20196
22	86365	108175	21810
22	88788	108121	19333
22	88487	108067	19580
22	87833	108235	20402
22	87391	108216	20825
22	87565	108183	20618
22	86808	108116	21308
22	86210	108244	22034
22	87887	108182	20295
22	86770	108193	21423
22	85091	108286	23195
22	85239	108239	23000
22	89331	108178	18847
22	86752	108238	21486
22	85413	108269	22856
22	86066	108174	22108
22	88458	108260	19802
22	88302	108189	19887
22	88202	108187	19985
22	87167	108252	21085
22	87029	108195	21166
22	85715	108236	22521
22	87532	108124	20592
22	85991	108259	22268
22	89125	108170	19045
23	87343	108131	20788
23	83957	108275	24318
23	87057	108199	21142
23	86734	108155	21421
23	86341	108293	21952
23	86247	108208	21961
23	85919	108198	22279
23	86818	108242	21424
23	86881	108262	21381
23	85094	108258	23164
23	85875	108215	22340
23	86467	108272	21805
23	87010	108202	21192
23	87896	108219	20323
23	86740	108192	21452
23	87893	108207	20314
23	87152	108204	21052
23	87790	108196	20406
23	86756	108219	21463
23	88617	108221	19604
23	88323	108159	19836
23	84965	108283	23318
23	84818	108273	23455
23	87047	108237	21190
23	86690	108236	21546
23	87710	108236	20526
23	87318	108134	20816
23	85308	108257	22949
23	87344	108188	20844
23	84925	108230	23305
23	88488	108202	19714
23	85600	108111	22511
23	85267	108188	22921
23	86213	108172	21959
23	89222	108183	18961
23	86717	108180	21463
23	87422	108108	20686
23	85941	108240	22299
23	89110	108107	18997
23	87397	108130	20733
23	85212	108287	23075
23	86478	108258	21780
23	87999	108223	20224
23	86349	108237	21888
23	85450	108205	22755
23	88073	108146	20073
23	86889	108274	21385
23	85350	108274	22924
23	87333	108269	20936
23	84074	108246	24172
23	88948	108214	19266
23	84938	108214	23276
23	88174	108179	20005
23	86843	108168	21325
24	86703	108237	21534
24	87477	108197	20720
24	86057	108208	22151
24	86442	108181	21739
24	85964	108236	22272
24	88212	108127	19915
24	87780	108240	20460
24	87563	108193	20630
24	84744	108275	23531
24	88699	108130	19431
24	84748	108241	23493
24	86285	108291	22006
24	85340	108273	22933
24	88264	108116	19852
24	86750	108201	21451
24	87276	108216	20940
24	84620	108218	23598
24	87691	108209	20518
24	86658	108200	21542
24	84466	108315	23849
24	85392	108256	22864
24	88562	108241	19679
24	85113	108209	23096
24	85287	108257	22970
24	86883	108256	21373
24	86766	108145	21379
24	87281	108250	20969
24	85078	108257	23179
24	84753	108267	23514
24	86181	108278	22097
24	85995	108249	22254
24	84694	108295	23601
24	87991	108065	20074
24	87268	108268	21000
24	84927	108290	23363
24	86895	108257	21362
24	86292	108240	21948
24	86633	108288	21655
24	87432	108250	20818
24	85366	108285	22919
24	85116	108270	23154
24	88665	108180	19515
24	85875	108257	22382
24	85319	108241	22922
24	88812	108175	19363
24	87147	108176	21029
24	85278	108216	22938
24	87881	108224	20343
24	87013	108176	21163
24	88682	108143	19461
24	89584	108233	18649
24	87887	108202	20315
24	86897	108250	21353
24	88802	108176	19374
25	87133	108222	21089
25	84547	108255	23708
25	85432	108289	22857
25	85554	108271	22717
25	86265	108288	22023
25	85861	108180	22319
25	85695	108211	22516
25	87901	108235	20334
25	84656	108276	23620
25	88028	108246	20218
25	87736	108183	20447
25	87412	108222	20810
25	85897	108259	22362
25	85701	108292	22591
25	86763	108144	21381
25	87462	108212	20750
25	87183	108228	21045
25	86230	108210	21980
25	85742	108284	22542
25	85514	108238	22724
25	84690	108293	23603
25	83554	108279	24725
25	87491	108275	20784
25	87487	108197	20710
25	84662	108198	23536
25	87963	108205	20242
25	83953	108263	24310
25	85273	108263	22990
25	85488	108256	22768
25	88167	108148	19981
25	84387	108265	23878
25	85811	108262	22451
25	89409	108085	18676
25	86111	108304	22193
25	86353	108235	21882
25	89382	108119	18737
25	85848	108270	22422
25	84855	108278	23423
25	85820	108245	22425
25	84385	108294	23909
25	88171	108235	20064
25	84329	108306	23977
25	87150	108114	20964
25	84001	108288	24287
25	86853	108223	21370
25	87199	108199	21000
25	88209	108200	19991
25	85499	108248	22749
25	86514	108153	21639
25	86643	108170	21527
25	83381	108283	24902
25	86780	108257	21477
25	86803	108244	21441
25	86527	108256	21729
26	85205	108253	23048
26	85894	108313	22419
26	83740	108301	24561
26	85605	108254	22649
26	84887	108290	23403
26	86920	108246	21326
26	87674	108248	20574
26	84599	108254	23655
26	84737	108298	23561
26	86882	108254	21372
26	85085	108300	23215
26	84972	108293	23321
26	86721	108261	21540
26	85849	108175	22326
26	86332	108263	21931
26	87906	108203	20297
26	85662	108272	22610
26	84346	108282	23936
26	85463	108279	22816
26	87831	108193	20362
26	88059	108266	20207
26	85643	108208	22565
26	87610	108193	20583
26	86685	108260	21575
26	84785	108275	23490
26	84144	108272	24128
26	85245	108239	22994
26	88569	108193	19624
26	89293	108099	18806
26	84939	108267	23328
26	85608	108291	22683
26	85151	108249	23098
26	88368	108174	19806
26	84960	108225	23265
26	86004	108225	22221
26	85331	108269	22938
26	87733	108202	20469
26	87137	108226	21089
26	87300	108277	20977
26	87615	108172	20557
26	85798	108279	22481
26	85766	108293	22527
26	84620	108283	23663
26	85329	108285	22956
26	86827	108184	21357
26	86408	108275	21867
26	85811	108224	22413
26	86526	108284	21758
26	83820	108289	24469
26	87292	108263	20971
26	85094	108243	23149
26	84064	108307	24243
26	87046	108152	21106
26	85039	108243	23204
27	84900	108252	23352
27	87618	108130	20512
27	86110	108263	22153
27	87150	108285	21135
27	85029	108198	23169
27	85435	108288	22853
27	85990	108215	22225
27	86245	108289	22044
27	86379	108284	21905
27	85436	108305	22869
27	84020	108272	24252
27	85970	108273	22303
27	85355	108276	22921
27	85011	108304	23293
27	85953	108225	22272
27	85349	108299	22950
27	86675	108237	21562
27	88097	108138	20041
27	87752	108233	20481
27	85377	108260	22883
27	85419	108303	22884
27	84986	108262	23276
27	85855	108324	22469
27	85997	108246	22249
27	86800	108182	21382
27	86043	108300	22257
27	85898	108250	22352
27	84958	108271	23313
27	88219	108179	19960
27	86656	108261	21605
27	87168	108304	21136
27	84940	108297	23357
27	82973	108327	25354
27	85936	108247	22311
27	86256	108229	21973
27	87307	108218	20911
27	87006	108242	21236
27	84417	108318	23901
27	86135	108295	22160
27	85737	108272	22535
27	84762	108282	23520
27	86583	108262	21679
27	84924	108283	23359
27	89745	108141	18396
27	86586	108250	21664
27	87272	108162	20890
27	84944	108285	23341
27	85392	108238	22846
27	84163	108256	24093
27	88044	108244	20200
27	86304	108280	21976
27	87038	108197	21159
27	87347	108187	20840
27	87037	108165	21128
28	84632	108308	23676
28	87110	108266	21156
28	84917	108285	23368
28	83766	108330	24564
28	85116	108292	23176
28	85319	108278	22959
28	86405	108262	21857
28	85373	108273	22900
28	84782	108302	23520
28	85976	108291	22315
28	86382	108201	21819
28	85528	108270	22742
28	85383	108278	22895
28	84943	108260	23317
28	85975	108278	22303
28	86064	108293	22229
28	86359	108327	21968
28	84045	108288	24243
28	85165	108300	23135
28	85158	108295	23137
28	85658	108222	22564
28	84950	108295	23345
28	84285	108319	24034
28	85712	108201	22489
28	84811	108330	23519
28	86888	108312	21424
28	86197	108215	22018
28	84939	108280	23341
28	85754	108196	22442
28	86670	108184	21514
28	86840	108279	21439
28	85537	108284	22747
28	86002	108262	22260
28	86470	108274	21804
28	84338	108312	23974
28	85550	108264	22714
28	85354	108285	22931
28	84780	108248	23468
28	86703	108273	21570
28	87419	108249	20830
28	88266	108189	19923
28	84038	108295	24257
28	84007	108295	24288
28	84203	108281	24078
28	85457	108297	22840
28	85214	108271	23057
28	83727	108337	24610
28	85110	108305	23195
28	85112	108311	23199
28	84549	108283	23734
28	85412	108270	22858
28	88340	108200	19860
28	88360	108207	19847
28	84451	108285	23834
29	86119	108242	22123
29	84089	108308	24219
29	84750	108303	23553
29	85018	108280	23262
29	86104	108264	22160
29	86650	108212	21562
29	88075	108247	20172
29	82570	108334	25764
29	85818	108319	22501
29	84049	108256	24207
29	84274	108290	24016
29	87017	108229	21212
29	85530	108303	22773
29	86773	108297	21524
29	84560	108293	23733
29	83586	108317	24731
29	88720	108180	19460
29	83828	108294	24466
29	86944	108154	21210
29	85606	108288	22682
29	85718	108275	22557
29	86415	108255	21840
29	83697	108322	24625
29	87802	108212	20410
29	85939	108212	22273
29	86285	108337	22052
29	88591	108157	19566
29	84973	108297	23324
29	86004	108274	22270
29	86369	108293	21924
29	84066	108285	24219
29	83359	108327	24968
29	83968	108302	24334
29	85084	108282	23198
29	83273	108307	25034
29	83501	108258	24757
29	85190	108303	23113
29	84718	108295	23577
29	86656	108227	21571
29	86187	108304	22117
29	84398	108275	23877
29	84232	108300	24068
29	85245	108301	23056
29	87280	108291	21011
29	85095	108290	23195
29	84588	108310	23722
29	84970	108310	23340
29	86751	108259	21508
29	85583	108300	22717
29	85621	108301	22680
29	83752	108323	24571
29	85779	108221	22442
29	83756	108323	24567
29	88490	108189	19699
30	84024	108301	24277
30	83875	108300	24425
30	87026	108260	21234
30	85671	108237	22566
30	83509	108311	24802
30	84627	108301	23674
30	84361	108307	23946
30	85263	108259	22996
30	85371	108206	22835
30	83838	108303	24465
30	86820	108246	21426
30	85799	108270	22471
30	84818	108277	23459
30	86540	108275	21735
30	85994	108243	22249
30	84107	108323	24216
30	83051	108287	25236
30	84739	108280	23541
30	84564	108295	23731
30	86615	108324	21709
30	85191	108268	23077
30	85428	108304	22876
30	86931	108273	21342
30	85155	108290	23135
30	84478	108255	23777
30	83337	108337	25000
30	85606	108289	22683
30	83030	108318	25288
30	83991	108341	24350
30	85906	108221	22315
30	84931	108219	23288
30	84094	108303	24209
30	85268	108315	23047
30	85243	108281	23038
30	84029	108327	24298
30	85694	108309	22615
30	84827	108297	23470
30	85030	108306	23276
30	85678	108292	22614
30	83621	108306	24685
30	85410	108291	22881
30	84051	108291	24240
30	83215	108299	25084
30	85884	108239	22355
30	85892	108269	22377
30	85806	108248	22442
30	83627	108336	24709
30	83967	108306	24339
30	84949	108299	23350
30	86149	108269	22120
30	84610	108296	23686
30	85705	108263	22558
30	85418	108308	22890
30	83944	108307	24363
31	84155	108326	24171
31	84417	108297	23880
31	83538	108320	24782
31	85159	108306	23147
31	87476	108287	20811
31	85809	108177	22368
31	86355	108261	21906
31	86723	108277	21554
31	86358	108295	21937
31	85036	108226	23190
31	84260	108280	24020
31	84126	108255	24129
31	84127	108333	24206
31	84473	108327	23854
31	86855	108218	21363
31	85199	108308	23109
31	86659	108301	21642
31	85399	108319	22920
31	83174	108325	25151
31	85515	108227	22712
31	83575	108283	24708
31	85659	108285	22626
31	85373	108297	22924
31	86815	108261	21446
31	84376	108291	23915
31	83884	108294	24410
31	84162	108291	24129
31	84033	108298	24265
31	86773	108328	21555
31	84613	108338	23725
31	84789	108315	23526
31	86447	108292	21845
31	83050	108319	25269
31	85161	108298	23137
31	84195	108286	24091
31	85871	108232	22361
31	82382	108338	25956
31	84052	108298	24246
31	84158	108271	24113
31	85931	108286	22355
31	84266	108323	24057
31	84534	108280	23746
31	85609	108282	22673
31	84810	108321	23511
31	85346	108293	22947
31	84444	108337	23893
31	86670	108264	21594
31	83871	108333	24462
31	84242	108329	24087
31	83918	108300	24382
31	85184	108291	23107
31	84398	108233	23835
31	85091	108216	23125
31	87165	108241	21076
32	83313	108343	25030
32	83908	108316	24408
32	84412	108302	23890
32	84557	108267	23710
32	86090	108276	22186
32	84339	108313	23974
32	86361	108245	21884
32	82584	108312	25728
32	84759	108310	23551
32	86021	108295	22274
32	84475	108335	23860
32	83170	108316	25146
32	83134	108320	25186
32	84132	108254	24122
32	85284	108263	22979
32	85105	108280	23175
32	85367	108319	22952
32	83288	108318	25030
32	83579	108308	24729
32	82080	108346	26266
32	83504	108346	24842
32	84512	108313	23801
32	84185	108322	24137
32	83024	108335	25311
32	83213	108263	25050
32	85323	108308	22985
32	83407	108297	24890
32	85341	108313	22972
32	84707	108277	23570
32	86784	108274	21490
32	82775	108340	25565
32	83706	108316	24610
32	84931	108333	23402
32	85369	108293	22924
32	83146	108310	25164
32	84990	108306	23316
32	84789	108296	23507
32	83979	108297	24318
32	84094	108285	24191
32	85782	108265	22483
32	85488	108283	22795
32	83782	108310	24528
32	85237	108260	23023
32	83118	108306	25188
32	83971	108355	24384
32	83263	108347	25084
32	83113	108309	25196
32	82823	108303	25480
32	82542	108341	25799
32	84180	108322	24142
32	84044	108311	24267
32	82878	108325	25447
32	85485	108226	22741
32	85387	108337	22950
33	84390	108305	23915
33	84316	108311	23995
33	84394	108326	23932
33	85644	108226	22582
33	84404	108340	23936
33	83162	108345	25183
33	83287	108310	25023
33	82499	108334	25835
33	83286	108280	24994
33	84000	108324	24324
33	82694	108347	25653
33	83706	108340	24634
33	83422	108310	24888
33	84278	108325	24047
33	84419	108325	23906
33	84213	108311	24098
33	84079	108307	24228
33	83462	108337	24875
33	85394	108318	22924
33	87685	108253	20568
33	85369	108306	22937
33	83831	108311	24480
33	85140	108297	23157
33	85623	108288	22665
33	83391	108322	24931
33	85164	108297	23133
33	83297	108316	25019
33	83689	108342	24653
33	83478	108311	24833
33	84465	108301	23836
33	82548	108325	25777
33	83258	108326	25068
33	85489	108240	22751
33	85481	108271	22790
33	85401	108295	22894
33	82497	108317	25820
33	83620	108321	24701
33	82579	108343	25764
33	85539	108302	22763
33	84213	108312	24099
33	83844	108320	24476
33	82865	108325	25460
33	82154	108336	26182
33	85320	108258	22938
33	85627	108291	22664
33	84684	108319	23635
33	82845	108331	25486
33	85615	108294	22679
33	84203	108310	24107
33	84794	108276	23482
33	84218	108331	24113
33	84283	108335	24052
33	85075	108303	23228
33	85588	108286	22698
34	84861	108273	23412
34	82997	108330	25333
34	84890	108292	23402
34	82304	108338	26034
34	82768	108332	25564
34	82200	108328	26128
34	84229	108266	24037
34	84338	108302	23964
34	83765	108332	24567
34	85451	108324	22873
34	84368	108299	23931
34	85633	108273	22640
34	84388	108323	23935
34	84772	108291	23519
34	86496	108264	21768
34	82912	108343	25431
34	84381	108315	23934
34	83471	108325	24854
34	82755	108322	25567
34	84729	108319	23590
34	85527	108295	22768
34	83929	108330	24401
34	82577	108314	25737
34	83592	108318	24726
34	84173	108322	24149
34	83564	108317	24753
34	82955	108345	25390
34	83402	108314	24912
34	87104	108301	21197
34	83225	108338	25113
34	84218	108281	24063
34	84061	108338	24277
34	83124	108339	25215
34	85498	108269	22771
34	83872	108318	24446
34	82899	108323	25424
34	84681	108291	23610
34	85056	108299	23243
34	85179	108237	23058
34	84402	108296	23894
34	82912	108331	25419
34	83543	108303	24760
34	85559	108304	22745
34	82667	108302	25635
34	86460	108290	21830
34	83592	108336	24744
34	83889	108313	24424
34	85507	108247	22740
34	84451	108313	23862
34	85833	108290	22457
34	84727	108253	23526
34	85747	108309	22562
34	83068	108304	25236
34	85399	108285	22886
35	85277	108288	23011
35	84708	108335	23627
35	84808	108311	23503
35	85134	108324	23190
35	82691	108359	25668
35	84463	108328	23865
35	83477	108299	24822
35	83045	108317	25272
35	83650	108327	24677
35	82886	108344	25458
35	84813	108322	23509
35	85506	108307	22801
35	82792	108326	25534
35	84012	108326	24314
35	82973	108335	25362
35	84016	108315	24299
35	82351	108337	25986
35	83888	108341	24453
35	84346	108318	23972
35	82769	108351	25582
35	84028	108337	24309
35	83554	108284	24730
35	82967	108341	25374
35	84604	108322	23718
35	85638	108310	22672
35	82770	108315	25545
35	86183	108305	22122
35	84974	108234	23260
35	82027	108364	26337
35	83388	108346	24958
35	84965	108340	23375
35	83590	108331	24741
35	85861	108306	22445
35	87324	108253	20929
35	84678	108326	23648
35	84305	108325	24020
35	84023	108295	24272
35	84070	108313	24243
35	83647	108305	24658
35	83374	108339	24965
35	83432	108314	24882
35	81831	108349	26518
35	84094	108291	24197
35	85094	108252	23158
35	82597	108347	25750
35	83255	108337	25082
35	84664	108330	23666
35	82857	108352	25495
35	83288	108336	25048
35	84095	108332	24237
35	85023	108306	23283
35	83837	108329	24492
35	83473	108339	24866
35	86721	108245	21524
36	86451	108270	21819
36	82254	108317	26063
36	82737	108354	25617
36	84577	108335	23758
36	82643	108358	25715
36	82786	108343	25557
36	85357	108339	22982
36	84837	108309	23472
36	84801	108305	23504
36	83944	108338	24394
36	86336	108295	21959
36	85023	108327	23304
36	83323	108351	25028
36	84209	108333	24124
36	83824	108310	24486
36	86291	108291	22000
36	81844	108354	26510
36	85057	108334	23277
36	86358	108253	21895
36	84083	108343	24260
36	83043	108332	25289
36	84018	108330	24312
36	85504	108314	22810
36	82951	108333	25382
36	82452	108340	25888
36	82768	108349	25581
36	87291	108186	20895
36	84193	108326	24133
36	84851	108340	23489
36	84224	108310	24086
36	83508	108314	24806
36	85078	108318	23240
36	85092	108322	23230
36	82608	108345	25737
36	83311	108314	25003
36	83715	108319	24604
36	82918	108341	25423
36	83068	108333	25265
36	84034	108340	24306
36	84528	108323	23795
36	83180	108345	25165
36	81677	108362	26685
36	82711	108327	25616
36	84526	108313	23787
36	83655	108331	24676
36	84312	108252	23940
36	83915	108331	24416
36	82126	108315	26189
36	82953	108355	25402
36	84275	108283	24008
36	84082	108296	24214
36	84964	108319	23355
36	82992	108349	25357
36	82744	108334	25590
37	83310	108342	25032
37	83593	108313	24720
37	82295	108337	26042
37	83427	108338	24911
37	84017	108346	24329
37	81903	108354	26451
37	84648	108297	23649
37	86016	108277	22261
37	83703	108315	24612
37	84126	108342	24216
37	82893	108335	25442
37	85059	108321	23262
37	83015	108321	25306
37	84251	108350	24099
37	83968	108330	24362
37	83157	108353	25196
37	83892	108327	24435
37	85062	108261	23199
37	85120	108261	23141
37	82055	108355	26300
37	82603	108368	25765
37	81834	108370	26536
37	83228	108319	25091
37	83398	108350	24952
37	84777	108332	23555
37	84474	108333	23859
37	82097	108331	26234
37	84480	108335	23855
37	84620	108245	23625
37	85848	108259	22411
37	84097	108344	24247
37	83568	108345	24777
37	83735	108330	24595
37	82128	108353	26225
37	83431	108329	24898
37	83671	108313	24642
37	83303	108366	25063
37	82426	108356	25930
37	83715	108306	24591
37	83880	108346	24466
37	84149	108340	24191
37	83929	108337	24408
37	82884	108341	25457
37	82633	108330	25697
37	83058	108325	25267
37	84492	108300	23808
37	84124	108304	24180
37	82335	108322	25987
37	84916	108316	23400
37	83498	108335	24837
37	83392	108337	24945
37	82125	108347	26222
37	82485	108322	25837
37	83852	108321	24469
38	82332	108332	26000
38	83004	108354	25350
38	84793	108347	23554
38	82683	108351	25668
38	83483	108350	24867
38	83036	108330	25294
38	82452	108362	25910
38	84226	108360	24134
38	83258	108356	25098
38	85137	108316	23179
38	82890	108345	25455
38	82557	108352	25795
38	82184	108343	26159
38	83101	108316	25215
38	82791	108342	25551
38	84281	108337	24056
38	83996	108310	24314
38	81764	108365	26601
38	83804	108313	24509
38	81806	108362	26556
38	83514	108329	24815
38	85127	108239	23112
38	83456	108334	24878
38	82249	108334	26085
38	83631	108319	24688
38	82279	108343	26064
38	83633	108291	24658
38	82670	108352	25682
38	83972	108330	24358
38	83372	108343	24971
38	83262	108347	25085
38	84238	108313	24075
38	82687	108354	25667
38	84544	108262	23718
38	84383	108343	23960
38	82518	108345	25827
38	84771	108336	23565
38	82612	108343	25731
38	84083	108350	24267
38	84074	108315	24241
38	82180	108366	26186
38	82449	108323	25874
38	82009	108347	26338
38	83835	108356	24521
38	83979	108307	24328
38	83283	108354	25071
38	82759	108345	25586
38	85592	108289	22697
38	82631	108346	25715
38	83228	108349	25121
38	82278	108328	26050
38	83684	108338	24654
38	83056	108340	25284
38	82856	108337	25481
39	82602	108320	25718
39	83617	108336	24719
39	82210	108359	26149
39	82238	108314	26076
39	83220	108299	25079
39	81726	108362	26636
39	84031	108334	24303
39	82836	108341	25505
39	83520	108332	24812
39	82409	108331	25922
39	82272	108374	26102
39	83026	108330	25304
39	82951	108325	25374
39	84515	108300	23785
39	84567	108283	23716
39	83352	108309	24957
39	82633	108344	25711
39	81799	108356	26557
39	83448	108368	24920
39	84781	108318	23537
39	84333	108255	23922
39	84641	108337	23696
39	82645	108339	25694
39	83615	108355	24740
39	84744	108333	23589
39	82713	108357	25644
39	84895	108320	23425
39	83648	108343	24695
39	81921	108366	26445
39	81441	108357	26916
39	83851	108329	24478
39	83467	108343	24876
39	82578	108353	25775
39	84671	108353	23682
39	82577	108357	25780
39	81994	108355	26361
39	83426	108333	24907
39	84831	108318	23487
39	83059	108329	25270
39	82234	108362	26128
39	82743	108352	25609
39	83299	108349	25050
39	82167	108337	26170
39	82663	108326	25663
39	81963	108354	26391
39	83899	108337	24438
39	82530	108357	25827
39	84173	108341	24168
39	82297	108327	26030
39	82121	108348	26227
39	83810	108344	24534
39	82609	108358	25749
39	83911	108344	24433
39	83466	108308	24842
40	84082	108258	24176
40	84259	108274	24015
40	82366	108353	25987
40	82298	108336	26038
40	82849	108342	25493
40	82137	108364	26227
40	83088	108341	25253
40	82893	108350	25457
40	83114	108339	25225
40	83837	108295	24458
40	83356	108349	24993
40	82192	108344	26152
40	82833	108340	25507
40	81955	108341	26386
40	82158	108353	26195
40	81879	108363	26484
40	83653	108295	24642
40	84976	108316	23340
40	82510	108338	25828
40	84751	108328	23577
40	82258	108357	26099
40	81781	108365	26584
40	82992	108322	25330
40	82200	108314	26114
40	82226	108327	26101
40	83985	108345	24360
40	83452	108346	24894
40	83311	108325	25014
40	82200	108362	26162
40	82553	108346	25793
40	83144	108328	25184
40	84311	108318	24007
40	84740	108342	23602
40	83784	108343	24559
40	82893	108332	25439
40	84870	108300	23430
40	84990	108309	23319
40	82846	108342	25496
40	83372	108334	24962
40	83242	108354	25112
40	82996	108350	25354
40	84105	108324	24219
40	81658	108351	26693
40	84828	108277	23449
40	81828	108337	26509
40	83629	108346	24717
40	81789	108353	26564
40	83312	108346	25034
40	82762	108361	25599
40	82990	108329	25339
40	82807	108356	25549
40	82595	108344	25749
40	84013	108334	24321
40	84244	108322	24078
41	82517	108314	25797
41	84543	108329	23786
41	83598	108352	24754
41	81763	108350	26587
41	82443	108375	25932
41	82000	108340	26340
41	84035	108288	24253
41	85030	108334	23304
41	84955	108304	23349
41	81674	108364	26690
41	81421	108361	26940
41	81840	108340	26500
41	82444	108355	25911
41	82117	108365	26248
41	82164	108349	26185
41	83795	108333	24538
41	83165	108357	25192
41	82308	108355	26047
41	82613	108359	25746
41	84979	108332	23353
41	83043	108351	25308
41	82757	108359	25602
41	82249	108365	26116
41	82349	108340	25991
41	82944	108361	25417
41	83297	108302	25005
41	83867	108328	24461
41	81610	108364	26754
41	83665	108350	24685
41	84164	108348	24184
41	82014	108346	26332
41	84151	108343	24192
41	82534	108365	25831
41	83915	108322	24407
41	82707	108351	25644
41	82706	108358	25652
41	82219	108353	26134
41	82456	108350	25894
41	84437	108346	23909
41	84862	108346	23484
41	84158	108342	24184
41	81747	108352	26605
41	82865	108339	25474
41	83104	108351	25247
41	82439	108346	25907
41	83202	108328	25126
41	82023	108360	26337
41	82745	108368	25623
41	82415	108332	25917
41	81990	108350	26360
41	82245	108349	26104
41	81469	108363	26894
41	83193	108370	25177
41	82312	108362	26050
42	82363	108360	25997
42	82659	108337	25678
42	82517	108340	25823
42	82694	108350	25656
42	82264	108359	26095
42	84312	108308	23996
42	81780	108369	26589
42	82925	108327	25402
42	82099	108330	26231
42	82872	108350	25478
42	83085	108328	25243
42	81907	108356	26449
42	82081	108353	26272
42	83462	108365	24903
42	81595	108353	26758
42	82841	108341	25500
42	82595	108345	25750
42	83274	108345	25071
42	83096	108337	25241
42	82933	108353	25420
42	85084	108334	23250
42	82432	108354	25922
42	82182	108363	26181
42	81815	108366	26551
42	82784	108353	25569
42	81246	108367	27121
42	84028	108362	24334
42	81665	108368	26703
42	81730	108362	26632
42	82009	108354	26345
42	82393	108355	25962
42	81463	108379	26916
42	82324	108360	26036
42	81644	108369	26725
42	83262	108342	25080
42	83672	108339	24667
42	84533	108279	23746
42	83619	108286	24667
42	81691	108361	26670
42	81799	108361	26562
42	81873	108360	26487
42	83831	108358	24527
42	83685	108343	24658
42	82242	108357	26115
42	81657	108361	26704
42	82218	108344	26126
42	82850	108362	25512
42	83124	108352	25228
42	83999	108352	24353
42	81457	108356	26899
42	82400	108362	25962
42	83706	108311	24605
42	81766	108357	26591
42	82068	108366	26298
43	81920	108364	26444
43	82139	108364	26225
43	83014	108346	25332
43	81987	108362	26375
43	84277	108338	24061
43	81714	108371	26657
43	81324	108367	27043
43	81617	108344	26727
43	82786	108362	25576
43	81616	108358	26742
43	83952	108288	24336
43	81403	108365	26962
43	81598	108353	26755
43	82687	108347	25660
43	82041	108348	26307
43	84622	108283	23661
43	82421	108353	25932
43	83720	108325	24605
43	83235	108329	25094
43	84887	108291	23404
43	82025	108366	26341
43	83326	108326	25000
43	81809	108374	26565
43	81204	108370	27166
43	82215	108361	26146
43	83597	108349	24752
43	82210	108369	26159
43	82326	108355	26029
43	83129	108336	25207
43	82064	108352	26288
43	82424	108339	25915
43	82328	108353	26025
43	83329	108288	24959
43	83414	108364	24950
43	82137	108372	26235
43	81640	108359	26719
43	82899	108331	25432
43	81703	108348	26645
43	82977	108331	25354
43	82542	108361	25819
43	81355	108368	27013
43	81614	108355	26741
43	82975	108347	25372
43	82786	108337	25551
43	81561	108354	26793
43	82479	108350	25871
43	81452	108383	26931
43	82959	108356	25397
43	81308	108368	27060
43	83245	108350	25105
43	81765	108364	26599
43	82774	108341	25567
43	82333	108355	26022
43	82538	108344	25806
44	81679	108380	26701
44	82467	108351	25884
44	81310	108366	27056
44	84388	108314	23926
44	81325	108346	27021
44	82795	108352	25557
44	81300	108368	27068
44	83414	108363	24949
44	83487	108349	24862
44	83545	108349	24804
44	82014	108348	26334
44	81846	108365	26519
44	82885	108358	25473
44	82970	108335	25365
44	82353	108370	26017
44	81226	108379	27153
44	82811	108377	25566
44	81864	108364	26500
44	82042	108366	26324
44	82697	108357	25660
44	82680	108336	25656
44	82559	108364	25805
44	81820	108364	26544
44	81300	108367	27067
44	81753	108366	26613
44	84223	108352	24129
44	81884	108370	26486
44	81550	108376	26826
44	81122	108377	27255
44	83891	108354	24463
44	83274	108369	25095
44	82237	108351	26114
44	82437	108362	25925
44	81307	108373	27066
44	83412	108335	24923
44	82270	108340	26070
44	82565	108356	25791
44	82810	108345	25535
44	81348	108354	27006
44	82255	108363	26108
44	81384	108365	26981
44	81382	108373	26991
44	82250	108355	26105
44	81809	108364	26555
44	82710	108339	25629
44	82991	108356	25365
44	81757	108359	26602
44	82646	108338	25692
44	82518	108342	25824
44	82527	108364	25837
44	82666	108344	25678
44	83115	108338	25223
44	81920	108335	26415
44	83163	108344	25181
45	81800	108338	26538
45	82210	108360	26150
45	81335	108379	27044
45	82274	108356	26082
45	82002	108358	26356
45	83170	108342	25172
45	81799	108360	26561
45	81714	108374	26660
45	82762	108342	25580
45	82010	108361	26351
45	81398	108364	26966
45	83191	108313	25122
45	81271	108373	27102
45	83051	108366	25315
45	81771	108364	26593
45	81714	108372	26658
45	81172	108378	27206
45	81827	108373	26546
45	81027	108369	27342
45	82498	108363	25865
45	81552	108371	26819
45	81395	108382	26987
45	81295	108372	27077
45	81243	108376	27133
45	81677	108361	26684
45	82250	108365	26115
45	81232	108376	27144
45	81053	108369	27316
45	81016	108382	27366
45	83502	108358	24856
45	81930	108366	26436
45	82222	108364	26142
45	81516	108377	26861
45	82400	108351	25951
45	81365	108375	27010
45	82478	108343	25865
45	81119	108363	27244
45	82009	108373	26364
45	81250	108373	27123
45	81177	108378	27201
45	82346	108347	26001
45	81144	108373	27229
45	81344	108350	27006
45	82386	108361	25975
45	81069	108387	27318
45	81460	108354	26894
45	82042	108365	26323
45	81752	108361	26609
45	82073	108346	26273
45	82000	108366	26366
45	82315	108349	26034
45	83157	108355	25198
45	81803	108367	26564
45	82860	108355	25495
46	81609	108362	26753
46	81441	108372	26931
46	81701	108363	26662
46	81360	108358	26998
46	81356	108365	27009
46	81111	108374	27263
46	81387	108381	26994
46	81770	108362	26592
46	81645	108377	26732
46	81740	108371	26631
46	81252	108373	27121
46	82235	108363	26128
46	81504	108377	26873
46	81822	108362	26540
46	82948	108362	25414
46	81333	108369	27036
46	81492	108359	26867
46	81396	108373	26977
46	81718	108368	26650
46	82057	108355	26298
46	81478	108363	26885
46	83133	108361	25228
46	82579	108364	25785
46	83184	108366	25182
46	81232	108383	27151
46	81560	108360	26800
46	81528	108368	26840
46	82262	108362	26100
46	81676	108361	26685
46	81460	108368	26908
46	82341	108354	26013
46	81725	108362	26637
46	82763	108374	25611
46	83077	108350	25273
46	81707	108369	26662
46	82325	108343	26018
46	82508	108358	25850
46	81403	108371	26968
46	82190	108368	26178
46	82223	108361	26138
46	81288	108374	27086
46	82461	108356	25895
46	81574	108376	26802
46	82235	108359	26124
46	81184	108377	27193
46	81787	108353	26566
46	81140	108367	27227
46	81759	108350	26591
46	83872	108351	24479
46	83066	108354	25288
46	81456	108365	26909
46	82241	108362	26121
46	81358	108381	27023
46	81154	108357	27203
47	82340	108371	26031
47	81670	108355	26685
47	81606	108374	26768
47	81315	108378	27063
47	81162	108381	27219
47	81129	108370	27241
47	82222	108369	26147
47	81005	108380	27375
47	81238	108383	27145
47	81051	108352	27301
47	82819	108352	25533
47	83170	108363	25193
47	82209	108355	26146
47	81723	108373	26650
47	82719	108365	25646
47	82362	108360	25998
47	80995	108380	27385
47	81513	108352	26839
47	81386	108375	26989
47	82611	108363	25752
47	81124	108372	27248
47	81602	108373	26771
47	81139	108373	27234
47	81791	108367	26576
47	81003	108376	27373
47	81731	108373	26642
47	81521	108357	26836
47	81093	108368	27275
47	81627	108372	26745
47	81364	108372	27008
47	82552	108355	25803
47	82053	108358	26305
47	81320	108382	27062
47	81593	108368	26775
47	81530	108361	26831
47	81849	108370	26521
47	81657	108365	26708
47	80980	108376	27396
47	80888	108355	27467
47	81214	108382	27168
47	81168	108372	27204
47	82703	108350	25647
47	81619	108367	26748
47	81076	108379	27303
47	81218	108371	27153
47	81597	108355	26758
47	81540	108356	26816
47	81020	108378	27358
47	82179	108364	26185
47	82507	108369	25862
47	82013	108357	26344
47	81258	108361	27103
47	81152	108375	27223
47	80993	108365	27372
48	82342	108373	26031
48	82877	108372	25495
48	80850	108372	27522
48	82452	108347	25895
48	81273	108376	27103
48	82573	108355	25782
48	80889	108383	27494
48	81444	108373	26929
48	82335	108356	26021
48	81681	108359	26678
48	81624	108366	26742
48	81143	108367	27224
48	80922	108375	27453
48	80974	108374	27400
48	81051	108376	27325
48	81351	108366	27015
48	81473	108368	26895
48	82152	108360	26208
48	82602	108372	25770
48	81962	108376	26414
48	81271	108379	27108
48	81028	108373	27345
48	83726	108362	24636
48	83892	108340	24448
48	81227	108376	27149
48	81629	108372	26743
48	80994	108382	27388
48	81047	108380	27333
48	82060	108373	26313
48	81618	108377	26759
48	80971	108377	27406
48	81679	108355	26676
48	81292	108371	27079
48	83085	108352	25267
48	81496	108373	26877
48	81131	108379	27248
48	82434	108361	25927
48	80888	108378	27490
48	81354	108368	27014
48	81065	108377	27312
48	81614	108375	26761
48	80982	108380	27398
48	81097	108371	27274
48	80980	108381	27401
48	82594	108374	25780
48	81689	108354	26665
48	80838	108362	27524
48	81645	108346	26701
48	81723	108365	26642
48	80975	108386	27411
48	81608	108362	26754
48	81973	108379	26406
48	81137	108374	27237
48	80841	108386	27545
49	81469	108364	26895
49	81896	108365	26469
49	81424	108371	26947
49	80902	108372	27470
49	80750	108383	27633
49	82107	108369	26262
49	81757	108369	26612
49	82102	108365	26263
49	82939	108370	25431
49	81063	108375	27312
49	81532	108379	26847
49	81155	108383	27228
49	80997	108383	27386
49	80875	108380	27505
49	83094	108363	25269
49	81905	108369	26464
49	81551	108377	26826
49	81037	108386	27349
49	81537	108376	26839
49	82153	108381	26228
49	81376	108377	27001
49	81287	108368	27081
49	81871	108362	26491
49	80995	108378	27383
49	81429	108374	26945
49	81136	108373	27237
49	82409	108364	25955
49	80946	108371	27425
49	81711	108378	26667
49	82035	108367	26332
49	81034	108384	27350
49	80972	108380	27408
49	81428	108371	26943
49	81005	108379	27374
49	81436	108369	26933
49	80863	108372	27509
49	82131	108359	26228
49	81738	108367	26629
49	80862	108377	27515
49	80923	108384	27461
49	81297	108373	27076
49	83148	108362	25214
49	82050	108370	26320
49	82115	108370	26255
49	82777	108325	25548
49	82168	108372	26204
49	81408	108370	26962
49	80877	108376	27499
49	81520	108382	26862
49	81210	108383	27173
49	82436	108370	25934
49	81930	108372	26442
49	81627	108374	26747
49	80924	108381	27457
50	81119	108380	27261
50	81449	108382	26933
50	82053	108373	26320
50	81941	108367	26426
50	80808	108382	27574
50	80939	108371	27432
50	80991	108371	27380
50	82032	108374	26342
50	80898	108384	27486
50	80871	108387	27516
50	80917	108387	27470
50	81236	108362	27126
50	80772	108382	27610
50	82171	108377	26206
50	81448	108377	26929
50	81299	108374	27075
50	82006	108372	26366
50	80941	108380	27439
50	80889	108371	27482
50	80766	108374	27608
50	80800	108387	27587
50	80960	108376	27416
50	81302	108365	27063
50	81765	108369	26604
50	80965	108387	27422
50	82306	108366	26060
50	80847	108379	27532
50	81261	108372	27111
50	81334	108382	27048
50	81166	108376	27210
50	81460	108374	26914
50	81402	108372	26970
50	81748	108370	26622
50	81310	108374	27064
50	82153	108373	26220
50	81802	108369	26567
50	81016	108367	27351
50	80985	108381	27396
50	80853	108387	27534
50	81679	108375	26696
50	81484	108370	26886
50	81264	108375	27111
50	82385	108371	25986
50	80858	108386	27528
50	80860	108386	27526
50	80983	108377	27394
50	80978	108376	27398
50	82358	108378	26020
50	81232	108380	27148
50	80884	108387	27503
50	81077	108382	27305
50	81158	108380	27222
50	82029	108367	26338
50	80974	108382	27408
51	80815	108387	27572
51	80969	108387	27418
51	80781	108384	27603
51	81308	108377	27069
51	81088	108380	27292
51	81803	108382	26579
51	80713	108387	27674
51	80732	108387	27655
51	81532	108355	26823
51	82192	108378	26186
51	80842	108379	27537
51	81693	108373	26680
51	80894	108379	27485
51	81330	108382	27052
51	81866	108373	26507
51	80894	108373	27479
51	81434	108382	26948
51	81353	108380	27027
51	80932	108385	27453
51	81086	108372	27286
51	80772	108387	27615
51	80766	108387	27621
51	81269	108377	27108
51	81140	108378	27238
51	82212	108372	26160
51	80809	108387	27578
51	80976	108369	27393
51	81335	108382	27047
51	82040	108381	26341
51	80802	108387	27585
51	80839	108374	27535
51	81169	108383	27214
51	80760	108384	27624
51	81975	108370	26395
51	81464	108374	26910
51	81406	108376	26970
51	82151	108381	26230
51	80823	108383	27560
51	81184	108384	27200
51	80866	108383	27517
51	80810	108380	27570
51	80877	108387	27510
51	81125	108380	27255
51	80993	108377	27384
51	81705	108376	26671
51	81378	108377	26999
51	80895	108383	27488
51	80789	108387	27598
51	81115	108380	27265
51	80740	108386	27646
51	81787	108373	26586
51	81025	108381	27356
51	80850	108382	27532
51	80802	108378	27576
52	80798	108387	27589
52	80760	108380	27620
52	80849	108383	27534
52	80750	108386	27636
52	80760	108387	27627
52	82101	108376	26275
52	80901	108384	27483
52	80718	108384	27666
52	80754	108384	27630
52	80712	108387	27675
52	80717	108387	27670
52	80706	108387	27681
52	81393	108376	26983
52	80752	108386	27634
52	82082	108381	26299
52	80704	108384	27680
52	80682	108381	27699
52	80751	108384	27633
52	80741	108379	27638
52	81107	108383	27276
52	81695	108376	26681
52	80832	108373	27541
52	80751	108386	27635
52	80769	108387	27618
52	80695	108387	27692
52	80740	108387	27647
52	80763	108377	27614
52	80718	108387	27669
52	80731	108387	27656
52	80777	108382	27605
52	80732	108387	27655
52	80695	108387	27692
52	80728	108387	27659
52	80706	108384	27678
52	80771	108387	27616
52	81411	108377	26966
52	80716	108384	27668
52	80783	108387	27604
52	81001	108383	27382
52	80818	108381	27563
52	80811	108387	27576
52	81006	108381	27375
52	80776	108374	27598
52	81135	108369	27234
52	80730	108384	27654
52	80892	108372	27480
52	80686	108387	27701
52	80842	108385	27543
52	80759	108387	27628
52	80673	108387	27714
52	82038	108381	26343
52	81265	108374	27109
52	80861	108380	27519
53	81203	108377	27174
53	80659	108386	27727
53	81992	108381	26389
53	80700	108384	27684
53	80666	108387	27721
53	80691	108387	27696
53	80827	108383	27556
53	81652	108376	26724
53	80667	108387	27720
53	80736	108387	27651
53	80701	108387	27686
53	80682	108387	27705
53	80697	108387	27690
53	80705	108387	27682
53	80715	108387	27672
53	80710	108386	27676
53	80755	108382	27627
53	81293	108377	27084
53	80700	108387	27687
53	80741	108387	27646
53	80665	108387	27722
53	80680	108387	27707
53	80847	108384	27537
53	80742	108387	27645
53	80657	108387	27730
53	80686	108384	27698
53	80686	108384	27698
53	80708	108387	27679
53	80809	108384	27575
53	80658	108383	27725
53	80676	108387	27711
53	80718	108387	27669
53	80657	108387	27730
53	80663	108387	27724
53	80700	108384	27684
