Combinations	core	pangenome	variable
2	123307	130537	7230
2	120056	129475	9419
2	123808	129446	5638
2	122046	129943	7897
2	123846	129599	5753
2	121512	128847	7335
2	121048	129462	8414
2	122130	130012	7882
2	120928	130225	9297
2	122801	127565	4764
2	123009	128969	5960
2	122308	127650	5342
2	121813	127768	5955
2	122219	130011	7792
2	121975	129850	7875
2	122772	129659	6887
2	121446	127190	5744
2	121382	129858	8476
2	123143	130536	7393
2	121776	130024	8248
2	122007	129790	7783
2	123516	130738	7222
2	122162	130609	8447
2	122949	128991	6042
2	123005	128003	4998
2	122495	128857	6362
2	122277	126853	4576
2	124165	130083	5918
2	124236	130617	6381
2	123238	130049	6811
2	123543	130425	6882
2	119665	129749	10084
2	122045	129875	7830
2	124400	128894	4494
2	122108	128086	5978
2	122657	129910	7253
2	122544	130585	8041
2	122098	127961	5863
2	124700	130466	5766
2	121525	130130	8605
2	122321	127637	5316
2	121785	129868	8083
2	122652	129891	7239
2	122239	127838	5599
2	123787	130627	6840
2	121012	130367	9355
2	121664	130576	8912
2	120692	129721	9029
2	122667	127399	4732
2	123681	130059	6378
2	123157	130200	7043
2	122278	130278	8000
2	120511	130193	9682
3	120134	130394	10260
3	119723	130250	10527
3	120209	130438	10229
3	121279	129898	8619
3	121023	130824	9801
3	120760	130016	9256
3	119530	130525	10995
3	120167	130755	10588
3	120063	130924	10861
3	120678	128318	7640
3	120980	130736	9756
3	119768	130958	11190
3	120455	130618	10163
3	118954	131260	12306
3	121318	129943	8625
3	120383	129423	9040
3	119489	130801	11312
3	120718	130818	10100
3	118069	130923	12854
3	119766	131169	11403
3	121252	130917	9665
3	119679	131076	11397
3	119161	130564	11403
3	118042	130945	12903
3	117129	131300	14171
3	114167	131248	17081
3	119359	130675	11316
3	115215	130785	15570
3	122171	130436	8265
3	121425	130588	9163
3	120149	131201	11052
3	118258	130775	12517
3	119258	130866	11608
3	123056	130721	7665
3	121087	130724	9637
3	120746	130547	9801
3	120783	130805	10022
3	122096	130380	8284
3	120184	130841	10657
3	119257	131125	11868
3	119326	130465	11139
3	118830	130634	11804
3	115728	130430	14702
3	122310	131173	8863
3	120702	131215	10513
3	121789	129256	7467
3	121333	130631	9298
3	119888	131359	11471
3	118854	131310	12456
3	121064	130681	9617
3	119800	131018	11218
3	120602	130823	10221
3	120255	130826	10571
3	121655	131154	9499
4	115939	131010	15071
4	114993	131800	16807
4	118481	130886	12405
4	118182	131712	13530
4	117557	130983	13426
4	118043	131317	13274
4	116729	131272	14543
4	117317	130899	13582
4	116898	131396	14498
4	120457	131219	10762
4	119422	131260	11838
4	117247	131370	14123
4	116994	130713	13719
4	119023	131430	12407
4	115663	131837	16174
4	117210	131492	14282
4	117745	131605	13860
4	116468	131713	15245
4	118292	131290	12998
4	117032	131655	14623
4	115474	131250	15776
4	120056	130138	10082
4	117516	131537	14021
4	117739	131213	13474
4	119028	130832	11804
4	118916	131455	12539
4	116143	131649	15506
4	113403	131652	18249
4	114333	131383	17050
4	117733	131553	13820
4	117609	131623	14014
4	118517	131219	12702
4	116454	131654	15200
4	120048	130060	10012
4	118293	131318	13025
4	117690	131365	13675
4	118057	131524	13467
4	117012	131151	14139
4	119080	131311	12231
4	116468	131810	15342
4	117948	131267	13319
4	119906	131542	11636
4	116775	131391	14616
4	118606	131467	12861
4	118375	131320	12945
4	117053	131544	14491
4	115090	131704	16614
4	114116	131583	17467
4	118758	131605	12847
4	119221	131204	11983
4	114607	131428	16821
4	118451	130657	12206
4	118696	131253	12557
4	117974	130845	12871
5	115155	131522	16367
5	113027	131477	18450
5	116232	131828	15596
5	118136	131095	12959
5	113994	131763	17769
5	112677	132082	19405
5	115391	131695	16304
5	117345	131522	14177
5	117157	131698	14541
5	117422	131383	13961
5	119367	131445	12078
5	117646	131496	13850
5	117677	131493	13816
5	112948	131743	18795
5	119093	131550	12457
5	118288	131550	13262
5	115153	131583	16430
5	119253	131170	11917
5	116634	131310	14676
5	117359	131154	13795
5	112420	131839	19419
5	114693	131577	16884
5	114160	131819	17659
5	112568	131517	18949
5	115237	131908	16671
5	118356	131431	13075
5	117415	131679	14264
5	116967	131275	14308
5	115873	132031	16158
5	113845	131944	18099
5	114816	131577	16761
5	111291	131644	20353
5	119221	131278	12057
5	114840	131331	16491
5	116770	131905	15135
5	120158	130929	10771
5	115148	131037	15889
5	115687	131601	15914
5	119640	131019	11379
5	117085	131614	14529
5	116633	131629	14996
5	114665	131726	17061
5	119270	131233	11963
5	116814	131516	14702
5	115460	131646	16186
5	117857	131405	13548
5	116158	131284	15126
5	115547	131820	16273
5	113666	131824	18158
5	113155	131800	18645
5	116971	131687	14716
5	115717	131688	15971
5	113749	131799	18050
5	116989	131112	14123
6	117412	131193	13781
6	112962	131981	19019
6	112379	131974	19595
6	116680	131770	15090
6	113199	131870	18671
6	114638	131550	16912
6	113997	131665	17668
6	115605	131725	16120
6	110924	131743	20819
6	116151	131938	15787
6	116203	132004	15801
6	115813	131725	15912
6	114800	131773	16973
6	117415	131812	14397
6	112949	131945	18996
6	115800	131813	16013
6	114695	131489	16794
6	111665	132108	20443
6	113559	132110	18551
6	115357	131632	16275
6	115387	131808	16421
6	111923	131953	20030
6	113918	131944	18026
6	115020	131855	16835
6	113999	132057	18058
6	112764	131910	19146
6	117881	131510	13629
6	115824	131297	15473
6	112747	131981	19234
6	113715	131915	18200
6	118202	131726	13524
6	112477	131619	19142
6	116917	131530	14613
6	113491	131931	18440
6	113278	131822	18544
6	115126	131620	16494
6	114031	131855	17824
6	111597	131792	20195
6	109525	131962	22437
6	113759	131884	18125
6	115291	131399	16108
6	115575	131706	16131
6	113672	131662	17990
6	113481	131920	18439
6	117121	131417	14296
6	116166	131705	15539
6	113830	131773	17943
6	115414	131927	16513
6	111777	131945	20168
6	109873	131819	21946
6	116061	131785	15724
6	116569	131415	14846
6	116365	131845	15480
6	114093	131909	17816
7	115123	131760	16637
7	113404	131686	18282
7	112581	132101	19520
7	114551	131877	17326
7	111374	132038	20664
7	112492	131889	19397
7	115539	131949	16410
7	113431	132110	18679
7	112418	132024	19606
7	112400	132163	19763
7	114605	132037	17432
7	115650	132027	16377
7	114293	132091	17798
7	111838	132017	20179
7	115928	131446	15518
7	113867	131752	17885
7	113455	132100	18645
7	110827	132037	21210
7	110716	132096	21380
7	110013	132162	22149
7	113923	132063	18140
7	113313	131975	18662
7	114776	131735	16959
7	115372	131852	16480
7	116449	131495	15046
7	114400	132015	17615
7	115235	131759	16524
7	114272	131885	17613
7	112248	132103	19855
7	115699	131326	15627
7	116312	131576	15264
7	110302	132171	21869
7	114305	131886	17581
7	112407	132144	19737
7	115632	131665	16033
7	114379	132229	17850
7	110042	132020	21978
7	113827	132114	18287
7	111460	132094	20634
7	114039	132088	18049
7	110204	132011	21807
7	113750	132211	18461
7	113923	131697	17774
7	115334	131648	16314
7	111490	131752	20262
7	113762	131807	18045
7	116424	130955	14531
7	111015	131939	20924
7	110286	132146	21860
7	115957	131744	15787
7	113470	132084	18614
7	111852	132165	20313
7	113592	132000	18408
7	115973	132142	16169
8	112559	132062	19503
8	116199	132013	15814
8	109328	132214	22886
8	110780	132288	21508
8	110147	132014	21867
8	110979	132339	21360
8	109137	132098	22961
8	116471	131549	15078
8	110559	132239	21680
8	113720	132237	18517
8	108477	132319	23842
8	111394	131763	20369
8	113708	131819	18111
8	116006	131759	15753
8	114710	131837	17127
8	110483	132106	21623
8	114385	132056	17671
8	112611	131990	19379
8	115159	131843	16684
8	110749	132239	21490
8	114232	132102	17870
8	112581	131860	19279
8	110942	132258	21316
8	110817	131937	21120
8	111721	132019	20298
8	112211	132055	19844
8	110322	131937	21615
8	113129	132056	18927
8	111260	132117	20857
8	111690	132007	20317
8	113080	132075	18995
8	112278	132064	19786
8	112333	132117	19784
8	111069	132329	21260
8	113265	132057	18792
8	111364	132093	20729
8	114815	132160	17345
8	110300	132148	21848
8	110613	132116	21503
8	111520	132256	20736
8	113853	132263	18410
8	112335	132325	19990
8	111407	132058	20651
8	116009	131894	15885
8	111894	132038	20144
8	114493	131474	16981
8	109976	131972	21996
8	109566	132179	22613
8	111022	132061	21039
8	112889	131894	19005
8	113783	132131	18348
8	110820	132200	21380
8	112277	132002	19725
8	109296	132009	22713
9	112633	132168	19535
9	110838	131863	21025
9	111462	132098	20636
9	113316	132290	18974
9	110865	132085	21220
9	113914	132070	18156
9	113638	132167	18529
9	113920	132037	18117
9	108740	132133	23393
9	111600	132176	20576
9	109818	132282	22464
9	111408	132108	20700
9	111749	132103	20354
9	112636	132121	19485
9	110403	132100	21697
9	114422	131876	17454
9	112770	132175	19405
9	109441	132274	22833
9	111138	132137	20999
9	111970	132039	20069
9	114177	132011	17834
9	114345	131987	17642
9	112006	132079	20073
9	115059	132101	17042
9	109786	132275	22489
9	112075	132212	20137
9	112562	132244	19682
9	113162	132068	18906
9	109148	132047	22899
9	114614	132225	17611
9	112383	132205	19822
9	108568	132324	23756
9	113306	132066	18760
9	110225	132093	21868
9	112565	132036	19471
9	111254	132257	21003
9	112614	132196	19582
9	111244	132163	20919
9	111211	132165	20954
9	112725	132184	19459
9	109726	132047	22321
9	111060	131845	20785
9	111346	132215	20869
9	114029	131979	17950
9	111709	132193	20484
9	111638	132292	20654
9	112285	132170	19885
9	110224	132152	21928
9	111079	132101	21022
9	113043	131831	18788
9	112232	132231	19999
9	114340	131988	17648
9	111803	132203	20400
9	113010	132060	19050
10	109742	132108	22366
10	112815	132324	19509
10	109240	132313	23073
10	107937	132303	24366
10	112902	132024	19122
10	110777	132094	21317
10	111610	132078	20468
10	111411	132034	20623
10	110078	132215	22137
10	111806	132081	20275
10	106542	132269	25727
10	110194	132419	22225
10	109450	132222	22772
10	109003	132252	23249
10	112846	132012	19166
10	108587	132261	23674
10	109006	132289	23283
10	107896	132349	24453
10	112277	131830	19553
10	111220	132129	20909
10	109064	132121	23057
10	112021	132227	20206
10	108530	132368	23838
10	110481	132268	21787
10	110812	132152	21340
10	111284	132200	20916
10	108655	132210	23555
10	107920	132304	24384
10	110234	132297	22063
10	107662	132402	24740
10	111400	132052	20652
10	115451	132149	16698
10	114204	131998	17794
10	110024	132173	22149
10	109762	132156	22394
10	111271	131916	20645
10	115519	131844	16325
10	114446	131916	17470
10	112171	132234	20063
10	112476	132138	19662
10	112185	132166	19981
10	111228	132125	20897
10	109859	132226	22367
10	112344	132033	19689
10	113593	132224	18631
10	111922	132289	20367
10	111742	132067	20325
10	112528	132222	19694
10	111555	132045	20490
10	112727	132027	19300
10	112875	132126	19251
10	112100	132088	19988
10	111596	132296	20700
10	109295	132218	22923
11	109762	132206	22444
11	110287	132162	21875
11	111410	132219	20809
11	112013	132340	20327
11	107373	132288	24915
11	106346	132370	26024
11	109097	132308	23211
11	113242	132141	18899
11	109324	132251	22927
11	110213	132251	22038
11	112953	132262	19309
11	109461	132294	22833
11	112416	132180	19764
11	113826	132209	18383
11	109472	132296	22824
11	111636	132225	20589
11	112741	132241	19500
11	108633	132328	23695
11	109889	132245	22356
11	112982	132063	19081
11	108919	132256	23337
11	113188	132278	19090
11	111317	132241	20924
11	106838	132270	25432
11	114073	132266	18193
11	108849	132263	23414
11	109015	132437	23422
11	109382	132366	22984
11	110867	132099	21232
11	108341	132276	23935
11	107891	132214	24323
11	111272	132078	20806
11	108727	132338	23611
11	110881	132152	21271
11	109999	132347	22348
11	110353	132269	21916
11	109289	132343	23054
11	111705	132206	20501
11	108311	132301	23990
11	104737	132447	27710
11	108961	132322	23361
11	108132	132314	24182
11	108073	132256	24183
11	107931	132377	24446
11	110705	131851	21146
11	113308	132085	18777
11	110661	132104	21443
11	109514	132322	22808
11	105671	132395	26724
11	106539	132313	25774
11	112915	132228	19313
11	112604	132325	19721
11	109757	132002	22245
11	113369	132083	18714
12	108875	132156	23281
12	110730	132101	21371
12	111556	132136	20580
12	108159	132360	24201
12	112552	132103	19551
12	111076	132275	21199
12	110507	132297	21790
12	110646	132267	21621
12	110234	132225	21991
12	109675	132356	22681
12	108886	132297	23411
12	109986	132197	22211
12	109363	132353	22990
12	110800	132207	21407
12	111606	132235	20629
12	106498	132349	25851
12	108522	132262	23740
12	111559	132304	20745
12	114118	131981	17863
12	105928	132270	26342
12	112206	132304	20098
12	110460	132256	21796
12	110007	132149	22142
12	109325	132396	23071
12	108284	132391	24107
12	108972	132382	23410
12	108692	132318	23626
12	105216	132441	27225
12	109849	132313	22464
12	109179	132346	23167
12	108030	132290	24260
12	108945	132307	23362
12	111201	132209	21008
12	109129	132317	23188
12	109437	132361	22924
12	106511	132387	25876
12	112902	132058	19156
12	111500	132220	20720
12	111065	132227	21162
12	108684	132124	23440
12	108265	132254	23989
12	107869	132484	24615
12	112613	132220	19607
12	110094	132333	22239
12	108107	132387	24280
12	109064	132392	23328
12	111693	132304	20611
12	108342	132270	23928
12	107741	132371	24630
12	109123	132275	23152
12	110711	132180	21469
12	107185	132409	25224
12	111258	132144	20886
12	110727	132302	21575
13	109565	132149	22584
13	111553	132209	20656
13	106641	132406	25765
13	104265	132423	28158
13	106961	132453	25492
13	112182	132210	20028
13	112572	132152	19580
13	110969	132239	21270
13	106275	132468	26193
13	107440	132311	24871
13	108639	132360	23721
13	109067	132233	23166
13	106255	132455	26200
13	108688	132322	23634
13	107835	132399	24564
13	108838	132395	23557
13	108448	132434	23986
13	111820	132080	20260
13	111868	132362	20494
13	106976	132450	25474
13	106541	132446	25905
13	106954	132283	25329
13	110512	132438	21926
13	107354	132339	24985
13	111795	132055	20260
13	105162	132447	27285
13	112875	132225	19350
13	108015	132370	24355
13	105701	132344	26643
13	108276	132350	24074
13	108136	132321	24185
13	111070	132209	21139
13	106466	132359	25893
13	111253	132192	20939
13	107185	132174	24989
13	111217	131961	20744
13	107266	132366	25100
13	108355	132352	23997
13	110173	132184	22011
13	111253	132205	20952
13	109089	132235	23146
13	109150	132382	23232
13	109471	132413	22942
13	108861	132346	23485
13	111152	132253	21101
13	110050	132248	22198
13	105991	132349	26358
13	112350	132346	19996
13	108942	132362	23420
13	110505	132272	21767
13	108803	132372	23569
13	109224	132428	23204
13	107605	132437	24832
13	106726	132492	25766
14	105610	132461	26851
14	110980	132322	21342
14	108548	132388	23840
14	105232	132451	27219
14	107266	132530	25264
14	106281	132389	26108
14	108131	132365	24234
14	108757	132306	23549
14	108561	132419	23858
14	104946	132382	27436
14	106821	132340	25519
14	109973	132244	22271
14	105513	132491	26978
14	108584	132481	23897
14	107071	132478	25407
14	106795	132303	25508
14	107716	132343	24627
14	111399	132253	20854
14	105668	132451	26783
14	107430	132458	25028
14	106994	132441	25447
14	108462	132345	23883
14	107705	132434	24729
14	109396	132365	22969
14	104592	132370	27778
14	107953	132382	24429
14	106628	132458	25830
14	107371	132418	25047
14	106135	132441	26306
14	107710	132252	24542
14	108367	132232	23865
14	110129	132329	22200
14	104894	132396	27502
14	106603	132424	25821
14	109378	132259	22881
14	109666	132305	22639
14	107744	132319	24575
14	104615	132414	27799
14	106979	132271	25292
14	106446	132453	26007
14	107842	132347	24505
14	104480	132491	28011
14	107118	132337	25219
14	109722	132291	22569
14	104666	132487	27821
14	106878	132337	25459
14	109734	132308	22574
14	113056	131952	18896
14	108044	132361	24317
14	106943	132358	25415
14	104149	132427	28278
14	108529	132466	23937
14	111020	132356	21336
14	108541	132410	23869
15	107441	132472	25031
15	108439	132281	23842
15	106055	132339	26284
15	108070	132458	24388
15	104508	132478	27970
15	108801	132328	23527
15	106009	132436	26427
15	109352	132307	22955
15	107827	132442	24615
15	108734	132431	23697
15	107199	132292	25093
15	104082	132463	28381
15	108046	132460	24414
15	107352	132554	25202
15	106852	132353	25501
15	107213	132454	25241
15	105601	132553	26952
15	110605	132298	21693
15	104601	132438	27837
15	106928	132568	25640
15	107032	132489	25457
15	104575	132537	27962
15	104399	132460	28061
15	108030	132492	24462
15	108484	132370	23886
15	107451	132336	24885
15	107886	132340	24454
15	110870	132210	21340
15	104883	132463	27580
15	107730	132487	24757
15	108564	132226	23662
15	107379	132303	24924
15	106761	132457	25696
15	107428	132407	24979
15	108722	132405	23683
15	106681	132433	25752
15	106293	132286	25993
15	107336	132288	24952
15	105422	132496	27074
15	109800	132335	22535
15	106628	132520	25892
15	108147	132401	24254
15	107798	132422	24624
15	108440	132472	24032
15	108568	132378	23810
15	105775	132526	26751
15	109767	132385	22618
15	109433	132474	23041
15	109040	132374	23334
15	106495	132394	25899
15	107402	132407	25005
15	106845	132512	25667
15	104960	132335	27375
15	107604	132391	24787
16	105335	132350	27015
16	110333	132293	21960
16	104740	132461	27721
16	106875	132418	25543
16	107649	132478	24829
16	105867	132426	26559
16	103700	132561	28861
16	109216	132413	23197
16	108108	132368	24260
16	106154	132381	26227
16	105192	132446	27254
16	108760	132461	23701
16	106225	132492	26267
16	107636	132278	24642
16	106168	132455	26287
16	105277	132489	27212
16	105097	132461	27364
16	107619	132428	24809
16	103977	132407	28430
16	104801	132552	27751
16	105902	132513	26611
16	107250	132347	25097
16	104919	132349	27430
16	105389	132366	26977
16	105843	132473	26630
16	108392	132373	23981
16	106174	132316	26142
16	105531	132563	27032
16	104954	132486	27532
16	106174	132469	26295
16	106147	132397	26250
16	106285	132459	26174
16	107445	132431	24986
16	105028	132544	27516
16	104151	132558	28407
16	107802	132274	24472
16	105791	132532	26741
16	109371	132446	23075
16	104861	132505	27644
16	111954	132343	20389
16	109373	132281	22908
16	108245	132449	24204
16	102569	132486	29917
16	109984	132198	22214
16	106492	132408	25916
16	108177	132432	24255
16	106671	132436	25765
16	104928	132478	27550
16	110316	132414	22098
16	107376	132367	24991
16	104711	132528	27817
16	104987	132393	27406
16	109215	132490	23275
16	105853	132445	26592
17	103129	132491	29362
17	109609	132317	22708
17	104837	132529	27692
17	107251	132366	25115
17	104450	132455	28005
17	108446	132520	24074
17	105128	132457	27329
17	108899	132307	23408
17	106880	132380	25500
17	107553	132471	24918
17	103237	132507	29270
17	103733	132460	28727
17	106816	132445	25629
17	107985	132425	24440
17	108389	132352	23963
17	106110	132404	26294
17	106887	132429	25542
17	107041	132314	25273
17	104963	132425	27462
17	107902	132341	24439
17	106866	132547	25681
17	103886	132550	28664
17	106462	132392	25930
17	107492	132444	24952
17	102675	132444	29769
17	105978	132434	26456
17	105211	132537	27326
17	103832	132501	28669
17	107080	132405	25325
17	106889	132394	25505
17	104003	132554	28551
17	107259	132456	25197
17	105821	132407	26586
17	108928	132300	23372
17	103670	132544	28874
17	107884	132491	24607
17	105730	132503	26773
17	108818	132479	23661
17	104392	132552	28160
17	106487	132491	26004
17	104972	132536	27564
17	106680	132343	25663
17	107523	132528	25005
17	101728	132492	30764
17	106150	132398	26248
17	105377	132385	27008
17	103753	132512	28759
17	106921	132541	25620
17	104064	132561	28497
17	108805	132390	23585
17	105488	132524	27036
17	105635	132500	26865
17	107139	132557	25418
17	107284	132404	25120
18	106960	132539	25579
18	104169	132498	28329
18	104320	132425	28105
18	107559	132353	24794
18	106065	132567	26502
18	105961	132537	26576
18	102712	132543	29831
18	103074	132519	29445
18	106695	132430	25735
18	108498	132426	23928
18	104941	132542	27601
18	107138	132433	25295
18	107473	132417	24944
18	103781	132476	28695
18	105263	132429	27166
18	108155	132524	24369
18	107624	132486	24862
18	105720	132547	26827
18	105958	132512	26554
18	104575	132520	27945
18	107059	132411	25352
18	105796	132437	26641
18	103968	132468	28500
18	105189	132536	27347
18	106953	132441	25488
18	107122	132539	25417
18	105068	132486	27418
18	103217	132535	29318
18	106345	132382	26037
18	105591	132530	26939
18	107503	132370	24867
18	106218	132483	26265
18	106117	132332	26215
18	103440	132537	29097
18	106690	132464	25774
18	105012	132481	27469
18	106608	132482	25874
18	106377	132509	26132
18	104520	132517	27997
18	107784	132553	24769
18	106547	132527	25980
18	106727	132521	25794
18	104827	132552	27725
18	109741	132396	22655
18	104979	132484	27505
18	107738	132373	24635
18	104622	132533	27911
18	104170	132484	28314
18	106107	132559	26452
18	104805	132523	27718
18	103270	132512	29242
18	104515	132539	28024
18	103180	132516	29336
18	104053	132563	28510
19	108255	132439	24184
19	104547	132462	27915
19	104106	132491	28385
19	102691	132514	29823
19	104207	132547	28340
19	104225	132531	28306
19	106692	132445	25753
19	102891	132439	29548
19	107693	132399	24706
19	103884	132513	28629
19	107913	132413	24500
19	105683	132492	26809
19	106452	132517	26065
19	104195	132431	28236
19	103793	132578	28785
19	104130	132469	28339
19	105907	132483	26576
19	104151	132436	28285
19	101938	132498	30560
19	105126	132491	27365
19	105867	132415	26548
19	105728	132426	26698
19	105790	132378	26588
19	105231	132556	27325
19	104659	132493	27834
19	106997	132487	25490
19	107874	132516	24642
19	104223	132490	28267
19	102836	132532	29696
19	106095	132500	26405
19	107595	132470	24875
19	108784	132505	23721
19	103198	132582	29384
19	104490	132565	28075
19	106152	132524	26372
19	103886	132552	28666
19	107961	132423	24462
19	105144	132464	27320
19	105680	132469	26789
19	104044	132498	28454
19	105108	132578	27470
19	107126	132449	25323
19	106547	132454	25907
19	106059	132496	26437
19	106830	132383	25553
19	105445	132492	27047
19	104342	132517	28175
19	104329	132529	28200
19	104080	132446	28366
19	104686	132464	27778
19	106692	132483	25791
19	107352	132486	25134
19	101935	132617	30682
19	105203	132404	27201
20	104329	132494	28165
20	105777	132519	26742
20	103123	132520	29397
20	101811	132536	30725
20	106879	132461	25582
20	104216	132350	28134
20	104945	132521	27576
20	107987	132297	24310
20	103046	132518	29472
20	106889	132431	25542
20	102483	132564	30081
20	107338	132472	25134
20	107675	132381	24706
20	105831	132597	26766
20	105628	132419	26791
20	105489	132435	26946
20	105281	132383	27102
20	103610	132590	28980
20	101197	132601	31404
20	107550	132478	24928
20	104673	132403	27730
20	106430	132546	26116
20	102965	132461	29496
20	103758	132503	28745
20	106436	132430	25994
20	105945	132544	26599
20	102401	132492	30091
20	107330	132499	25169
20	103248	132606	29358
20	102462	132593	30131
20	107077	132444	25367
20	106354	132421	26067
20	104206	132494	28288
20	106406	132546	26140
20	106841	132520	25679
20	102505	132518	30013
20	102714	132598	29884
20	103288	132547	29259
20	100715	132581	31866
20	103148	132526	29378
20	107579	132395	24816
20	104891	132497	27606
20	100526	132621	32095
20	103859	132500	28641
20	104752	132549	27797
20	107484	132431	24947
20	106087	132533	26446
20	106787	132514	25727
20	105928	132414	26486
20	104261	132548	28287
20	101156	132575	31419
20	102741	132492	29751
20	105481	132552	27071
20	102858	132551	29693
21	104920	132591	27671
21	103774	132530	28756
21	102359	132589	30230
21	103578	132507	28929
21	104717	132516	27799
21	107283	132537	25254
21	107786	132402	24616
21	101232	132638	31406
21	101432	132535	31103
21	103198	132555	29357
21	103887	132536	28649
21	103015	132585	29570
21	104244	132575	28331
21	104396	132489	28093
21	106508	132478	25970
21	104153	132521	28368
21	106012	132471	26459
21	103871	132404	28533
21	104624	132451	27827
21	103928	132573	28645
21	101535	132573	31038
21	100936	132562	31626
21	103995	132543	28548
21	104403	132488	28085
21	104595	132535	27940
21	105416	132558	27142
21	101746	132567	30821
21	104451	132463	28012
21	106080	132482	26402
21	104723	132571	27848
21	105093	132588	27495
21	105006	132553	27547
21	106928	132443	25515
21	100728	132576	31848
21	108432	132446	24014
21	100270	132574	32304
21	103487	132556	29069
21	104279	132534	28255
21	103911	132594	28683
21	102794	132607	29813
21	101530	132606	31076
21	100334	132550	32216
21	106263	132465	26202
21	107638	132458	24820
21	104190	132550	28360
21	100121	132579	32458
21	104014	132541	28527
21	104689	132551	27862
21	105193	132581	27388
21	108123	132491	24368
21	101582	132608	31026
21	103469	132546	29077
21	103952	132516	28564
21	106029	132454	26425
22	102049	132573	30524
22	103208	132513	29305
22	103345	132542	29197
22	104517	132523	28006
22	103646	132613	28967
22	102575	132564	29989
22	101746	132553	30807
22	100729	132601	31872
22	99916	132609	32693
22	104195	132565	28370
22	104840	132577	27737
22	103599	132572	28973
22	106636	132399	25763
22	100984	132575	31591
22	103646	132548	28902
22	105228	132545	27317
22	104087	132431	28344
22	102859	132600	29741
22	103143	132533	29390
22	104509	132553	28044
22	102091	132567	30476
22	105692	132553	26861
22	102328	132600	30272
22	103095	132541	29446
22	106076	132386	26310
22	103719	132559	28840
22	105439	132407	26968
22	102980	132504	29524
22	104268	132534	28266
22	104720	132535	27815
22	105312	132563	27251
22	104054	132526	28472
22	105148	132598	27450
22	104933	132548	27615
22	101022	132586	31564
22	106356	132480	26124
22	105693	132467	26774
22	103689	132584	28895
22	99571	132621	33050
22	101454	132610	31156
22	107281	132374	25093
22	103834	132593	28759
22	104059	132594	28535
22	102364	132467	30103
22	105301	132527	27226
22	106761	132516	25755
22	104892	132506	27614
22	104426	132468	28042
22	106010	132589	26579
22	107301	132495	25194
22	105574	132462	26888
22	102525	132515	29990
22	102180	132569	30389
22	101975	132574	30599
23	105189	132572	27383
23	103709	132524	28815
23	103381	132479	29098
23	102382	132528	30146
23	102852	132570	29718
23	105004	132538	27534
23	103883	132555	28672
23	102162	132552	30390
23	102743	132520	29777
23	99703	132635	32932
23	104609	132516	27907
23	100928	132559	31631
23	103604	132572	28968
23	101818	132635	30817
23	103210	132573	29363
23	105639	132551	26912
23	104891	132603	27712
23	102448	132475	30027
23	102535	132618	30083
23	102048	132576	30528
23	103552	132627	29075
23	101454	132585	31131
23	103024	132496	29472
23	105281	132546	27265
23	105657	132513	26856
23	103995	132559	28564
23	106107	132443	26336
23	105217	132527	27310
23	102507	132527	30020
23	103294	132523	29229
23	104294	132513	28219
23	101806	132567	30761
23	103322	132613	29291
23	103379	132586	29207
23	102855	132559	29704
23	103870	132557	28687
23	103153	132594	29441
23	106697	132479	25782
23	100760	132577	31817
23	104088	132565	28477
23	105016	132466	27450
23	102543	132521	29978
23	102370	132557	30187
23	101867	132562	30695
23	103501	132577	29076
23	104136	132582	28446
23	103784	132616	28832
23	100476	132637	32161
23	102767	132562	29795
23	104978	132491	27513
23	102052	132532	30480
23	104803	132504	27701
23	104038	132500	28462
23	103613	132484	28871
24	104817	132548	27731
24	100596	132582	31986
24	103085	132422	29337
24	103638	132620	28982
24	104161	132408	28247
24	102873	132578	29705
24	104354	132518	28164
24	102474	132546	30072
24	102727	132542	29815
24	103692	132616	28924
24	102640	132588	29948
24	102824	132579	29755
24	102447	132496	30049
24	101762	132528	30766
24	104470	132583	28113
24	101735	132582	30847
24	99752	132598	32846
24	101835	132605	30770
24	105503	132578	27075
24	102505	132591	30086
24	104901	132544	27643
24	105799	132432	26633
24	104025	132550	28525
24	100106	132599	32493
24	102007	132541	30534
24	105348	132515	27167
24	102496	132625	30129
24	103395	132558	29163
24	105939	132543	26604
24	102915	132621	29706
24	102504	132571	30067
24	103476	132517	29041
24	104886	132523	27637
24	104579	132611	28032
24	102015	132617	30602
24	104111	132585	28474
24	105254	132507	27253
24	102350	132491	30141
24	102771	132528	29757
24	101206	132623	31417
24	99026	132603	33577
24	103592	132603	29011
24	104023	132562	28539
24	107378	132332	24954
24	105540	132495	26955
24	103311	132521	29210
24	101592	132500	30908
24	100842	132565	31723
24	104599	132586	27987
24	99865	132585	32720
24	106263	132529	26266
24	101368	132601	31233
24	104266	132601	28335
24	101426	132537	31111
25	104364	132546	28182
25	103028	132538	29510
25	105442	132499	27057
25	104979	132593	27614
25	100321	132598	32277
25	101067	132593	31526
25	103278	132563	29285
25	104229	132511	28282
25	104302	132538	28236
25	103205	132592	29387
25	104494	132591	28097
25	103064	132575	29511
25	101947	132645	30698
25	102601	132553	29952
25	102095	132534	30439
25	103697	132508	28811
25	106004	132458	26454
25	105134	132580	27446
25	103528	132515	28987
25	102478	132557	30079
25	103634	132557	28923
25	104340	132574	28234
25	102272	132614	30342
25	101243	132588	31345
25	100351	132629	32278
25	101454	132613	31159
25	100124	132662	32538
25	103244	132476	29232
25	106365	132504	26139
25	101278	132618	31340
25	102026	132536	30510
25	100098	132640	32542
25	102855	132602	29747
25	101571	132618	31047
25	102076	132599	30523
25	101861	132626	30765
25	102118	132491	30373
25	101400	132608	31208
25	103917	132550	28633
25	103251	132587	29336
25	103646	132640	28994
25	100697	132600	31903
25	101407	132555	31148
25	100596	132632	32036
25	104098	132579	28481
25	104719	132544	27825
25	102232	132551	30319
25	103571	132489	28918
25	101018	132579	31561
25	101233	132630	31397
25	104830	132597	27767
25	102061	132602	30541
25	101146	132586	31440
25	104874	132517	27643
26	102031	132627	30596
26	102341	132621	30280
26	102962	132580	29618
26	103661	132612	28951
26	100604	132552	31948
26	104060	132569	28509
26	102586	132605	30019
26	100364	132610	32246
26	104439	132626	28187
26	101008	132598	31590
26	101996	132605	30609
26	99063	132651	33588
26	103189	132606	29417
26	102601	132578	29977
26	103842	132452	28610
26	103551	132530	28979
26	100617	132623	32006
26	100368	132614	32246
26	103544	132514	28970
26	104766	132588	27822
26	102564	132606	30042
26	101119	132621	31502
26	103169	132523	29354
26	101697	132602	30905
26	101943	132559	30616
26	102023	132571	30548
26	101837	132563	30726
26	99705	132649	32944
26	100384	132647	32263
26	100028	132634	32606
26	105432	132446	27014
26	101543	132574	31031
26	103229	132572	29343
26	103279	132598	29319
26	101046	132570	31524
26	104014	132553	28539
26	101085	132600	31515
26	102658	132489	29831
26	101121	132618	31497
26	101320	132561	31241
26	101646	132623	30977
26	101730	132547	30817
26	101247	132630	31383
26	100071	132591	32520
26	103543	132513	28970
26	103967	132570	28603
26	100591	132661	32070
26	101986	132633	30647
26	104300	132497	28197
26	101924	132624	30700
26	104696	132564	27868
26	102996	132602	29606
26	101662	132594	30932
26	101735	132571	30836
27	100396	132569	32173
27	100251	132624	32373
27	101442	132565	31123
27	99173	132625	33452
27	101150	132560	31410
27	102999	132573	29574
27	102848	132596	29748
27	102541	132628	30087
27	102960	132543	29583
27	100880	132622	31742
27	103112	132613	29501
27	100748	132574	31826
27	103919	132540	28621
27	101026	132554	31528
27	101296	132599	31303
27	101065	132643	31578
27	104230	132558	28328
27	102276	132619	30343
27	100533	132574	32041
27	100694	132608	31914
27	99444	132640	33196
27	103138	132529	29391
27	103835	132548	28713
27	100311	132610	32299
27	103049	132630	29581
27	102495	132624	30129
27	102645	132621	29976
27	100832	132562	31730
27	101427	132606	31179
27	103265	132564	29299
27	102423	132512	30089
27	103357	132641	29284
27	103456	132574	29118
27	101914	132646	30732
27	101639	132550	30911
27	100356	132601	32245
27	101161	132593	31432
27	98407	132661	34254
27	103493	132508	29015
27	103836	132522	28686
27	98623	132663	34040
27	101706	132557	30851
27	102751	132610	29859
27	103105	132605	29500
27	104769	132536	27767
27	101491	132566	31075
27	100385	132598	32213
27	100502	132610	32108
27	102802	132613	29811
27	103045	132582	29537
27	103000	132617	29617
27	103644	132559	28915
27	104507	132608	28101
27	101469	132585	31116
28	100404	132635	32231
28	101384	132627	31243
28	99081	132652	33571
28	99611	132668	33057
28	100314	132622	32308
28	102813	132628	29815
28	100607	132558	31951
28	105215	132608	27393
28	99771	132586	32815
28	102387	132596	30209
28	103732	132585	28853
28	101242	132556	31314
28	99965	132634	32669
28	103970	132601	28631
28	103552	132586	29034
28	103859	132584	28725
28	99914	132656	32742
28	100578	132615	32037
28	102457	132587	30130
28	103582	132545	28963
28	102267	132575	30308
28	101912	132609	30697
28	102487	132625	30138
28	102833	132638	29805
28	103164	132633	29469
28	102738	132580	29842
28	101600	132603	31003
28	100308	132599	32291
28	100019	132623	32604
28	102245	132529	30284
28	99387	132606	33219
28	101388	132629	31241
28	100590	132629	32039
28	101915	132546	30631
28	103821	132540	28719
28	100302	132551	32249
28	101979	132608	30629
28	103023	132516	29493
28	98145	132651	34506
28	98546	132618	34072
28	102310	132667	30357
28	102853	132614	29761
28	101513	132596	31083
28	100601	132610	32009
28	100297	132600	32303
28	101541	132643	31102
28	101324	132637	31313
28	100182	132615	32433
28	103737	132592	28855
28	101312	132574	31262
28	101876	132614	30738
28	100823	132628	31805
28	101946	132552	30606
28	102906	132616	29710
29	102575	132605	30030
29	100223	132625	32402
29	102488	132653	30165
29	101641	132594	30953
29	101600	132611	31011
29	99631	132631	33000
29	99432	132609	33177
29	99937	132633	32696
29	100783	132609	31826
29	100342	132650	32308
29	99077	132640	33563
29	101926	132585	30659
29	100015	132629	32614
29	100155	132574	32419
29	99655	132580	32925
29	104289	132551	28262
29	101962	132594	30632
29	100379	132626	32247
29	102440	132598	30158
29	99282	132622	33340
29	100105	132628	32523
29	101683	132618	30935
29	100068	132651	32583
29	100062	132642	32580
29	99171	132649	33478
29	101323	132586	31263
29	101956	132600	30644
29	103028	132550	29522
29	100864	132619	31755
29	98833	132630	33797
29	101402	132585	31183
29	100476	132630	32154
29	102987	132525	29538
29	100669	132595	31926
29	100385	132590	32205
29	101195	132615	31420
29	102360	132595	30235
29	100576	132589	32013
29	104984	132488	27504
29	98983	132629	33646
29	99162	132598	33436
29	100103	132625	32522
29	102117	132595	30478
29	101169	132607	31438
29	104121	132530	28409
29	102666	132654	29988
29	101555	132601	31046
29	101690	132631	30941
29	99600	132588	32988
29	99541	132649	33108
29	100852	132634	31782
29	100249	132634	32385
29	99479	132620	33141
29	102143	132602	30459
30	100909	132630	31721
30	99038	132650	33612
30	99305	132623	33318
30	100813	132623	31810
30	101039	132534	31495
30	102759	132603	29844
30	99445	132653	33208
30	101393	132638	31245
30	101124	132637	31513
30	99907	132629	32722
30	103338	132549	29211
30	101077	132632	31555
30	99254	132648	33394
30	99597	132644	33047
30	99205	132667	33462
30	100217	132638	32421
30	100877	132613	31736
30	100940	132618	31678
30	101515	132663	31148
30	98168	132677	34509
30	101788	132579	30791
30	103802	132574	28772
30	101683	132614	30931
30	101937	132606	30669
30	101309	132623	31314
30	101907	132502	30595
30	102872	132622	29750
30	97921	132661	34740
30	100938	132614	31676
30	101915	132640	30725
30	101226	132597	31371
30	101392	132648	31256
30	99695	132643	32948
30	101510	132626	31116
30	99862	132646	32784
30	102874	132578	29704
30	102066	132561	30495
30	98497	132656	34159
30	101753	132588	30835
30	102313	132641	30328
30	99831	132634	32803
30	99543	132651	33108
30	100230	132656	32426
30	101894	132590	30696
30	100173	132596	32423
30	104247	132538	28291
30	98863	132619	33756
30	103155	132535	29380
30	99745	132651	32906
30	101202	132629	31427
30	99851	132604	32753
30	101572	132607	31035
30	102595	132560	29965
30	99965	132625	32660
31	101273	132617	31344
31	101908	132574	30666
31	99889	132672	32783
31	100503	132581	32078
31	100412	132588	32176
31	102259	132560	30301
31	100696	132586	31890
31	97921	132678	34757
31	99518	132629	33111
31	100654	132626	31972
31	102896	132583	29687
31	99136	132665	33529
31	102510	132586	30076
31	101061	132573	31512
31	103503	132558	29055
31	99572	132657	33085
31	102476	132621	30145
31	96587	132677	36090
31	102615	132648	30033
31	103632	132641	29009
31	101955	132596	30641
31	100871	132579	31708
31	102504	132612	30108
31	98741	132648	33907
31	98964	132645	33681
31	102239	132553	30314
31	99350	132645	33295
31	98412	132643	34231
31	101407	132606	31199
31	99749	132624	32875
31	98160	132674	34514
31	99981	132635	32654
31	98555	132619	34064
31	101129	132658	31529
31	99858	132616	32758
31	99875	132617	32742
31	99643	132661	33018
31	100028	132646	32618
31	102138	132529	30391
31	99846	132645	32799
31	101296	132545	31249
31	98784	132654	33870
31	101479	132584	31105
31	98758	132644	33886
31	101245	132631	31386
31	99837	132606	32769
31	101457	132681	31224
31	99003	132659	33656
31	102692	132589	29897
31	103962	132568	28606
31	98055	132672	34617
31	102410	132600	30190
31	100531	132629	32098
31	102315	132627	30312
32	100289	132635	32346
32	100367	132630	32263
32	100801	132599	31798
32	99059	132654	33595
32	102280	132555	30275
32	100668	132597	31929
32	99436	132585	33149
32	100116	132624	32508
32	100405	132648	32243
32	101130	132587	31457
32	97994	132675	34681
32	99422	132618	33196
32	99698	132650	32952
32	99680	132639	32959
32	102658	132643	29985
32	100231	132651	32420
32	98951	132664	33713
32	102170	132623	30453
32	99561	132646	33085
32	98848	132655	33807
32	101568	132590	31022
32	98948	132594	33646
32	100885	132641	31756
32	98519	132595	34076
32	101944	132614	30670
32	99092	132610	33518
32	99346	132660	33314
32	98324	132613	34289
32	100590	132654	32064
32	99775	132619	32844
32	101322	132602	31280
32	99180	132666	33486
32	100829	132566	31737
32	97276	132669	35393
32	98265	132634	34369
32	99373	132628	33255
32	101684	132655	30971
32	99245	132666	33421
32	101941	132664	30723
32	100743	132617	31874
32	98704	132673	33969
32	98927	132640	33713
32	98927	132671	33744
32	101340	132618	31278
32	101414	132632	31218
32	99720	132639	32919
32	100111	132610	32499
32	102975	132589	29614
32	100789	132635	31846
32	99912	132671	32759
32	99701	132621	32920
32	100347	132684	32337
32	100687	132676	31989
32	100572	132592	32020
33	101171	132636	31465
33	102003	132596	30593
33	99957	132579	32622
33	100248	132677	32429
33	100469	132665	32196
33	101395	132629	31234
33	100390	132650	32260
33	99938	132640	32702
33	98914	132649	33735
33	99242	132620	33378
33	97340	132660	35320
33	98634	132641	34007
33	97696	132661	34965
33	98508	132648	34140
33	102710	132634	29924
33	100020	132652	32632
33	100071	132654	32583
33	100822	132632	31810
33	98880	132663	33783
33	101273	132610	31337
33	101384	132654	31270
33	99872	132634	32762
33	99042	132622	33580
33	98316	132663	34347
33	99845	132606	32761
33	101460	132545	31085
33	100156	132644	32488
33	99249	132598	33349
33	101208	132628	31420
33	100606	132666	32060
33	97965	132668	34703
33	99075	132666	33591
33	97764	132668	34904
33	102613	132637	30024
33	102437	132645	30208
33	98500	132671	34171
33	99730	132618	32888
33	102407	132647	30240
33	99802	132613	32811
33	99804	132654	32850
33	99017	132623	33606
33	100326	132596	32270
33	101384	132659	31275
33	98621	132639	34018
33	101292	132657	31365
33	98175	132671	34496
33	98797	132647	33850
33	100512	132571	32059
33	98634	132648	34014
33	98495	132655	34160
33	101133	132658	31525
33	97678	132675	34997
33	101306	132631	31325
33	97702	132689	34987
34	102088	132585	30497
34	99025	132647	33622
34	98940	132627	33687
34	101469	132672	31203
34	99144	132667	33523
34	97334	132676	35342
34	98211	132673	34462
34	100025	132664	32639
34	98019	132630	34611
34	99196	132659	33463
34	99915	132650	32735
34	100663	132615	31952
34	98971	132643	33672
34	96476	132680	36204
34	98279	132643	34364
34	101555	132605	31050
34	97821	132662	34841
34	101391	132616	31225
34	102935	132577	29642
34	98169	132653	34484
34	99836	132650	32814
34	100611	132657	32046
34	97263	132670	35407
34	97949	132684	34735
34	98774	132653	33879
34	100311	132615	32304
34	100490	132639	32149
34	99222	132643	33421
34	100621	132651	32030
34	99600	132655	33055
34	101445	132625	31180
34	101130	132644	31514
34	98832	132675	33843
34	99361	132683	33322
34	102943	132576	29633
34	101084	132646	31562
34	97988	132624	34636
34	97148	132688	35540
34	101243	132663	31420
34	98210	132668	34458
34	97671	132663	34992
34	99931	132628	32697
34	100028	132658	32630
34	100934	132634	31700
34	98548	132620	34072
34	102046	132662	30616
34	102928	132640	29712
34	99958	132653	32695
34	98901	132671	33770
34	98308	132648	34340
34	98950	132642	33692
34	101822	132637	30815
34	99894	132684	32790
34	98390	132666	34276
35	100573	132670	32097
35	97340	132685	35345
35	97338	132644	35306
35	99701	132650	32949
35	101708	132632	30924
35	98700	132672	33972
35	99290	132681	33391
35	99730	132642	32912
35	99329	132651	33322
35	99739	132663	32924
35	99661	132596	32935
35	100424	132679	32255
35	99187	132614	33427
35	98322	132645	34323
35	99868	132653	32785
35	98335	132648	34313
35	99580	132588	33008
35	97801	132672	34871
35	99977	132660	32683
35	101331	132570	31239
35	100284	132598	32314
35	101345	132622	31277
35	98143	132654	34511
35	99635	132675	33040
35	99143	132681	33538
35	98836	132668	33832
35	97874	132674	34800
35	97482	132642	35160
35	98174	132643	34469
35	98220	132676	34456
35	98974	132661	33687
35	101507	132626	31119
35	101813	132649	30836
35	97861	132666	34805
35	98521	132658	34137
35	100820	132553	31733
35	100941	132572	31631
35	97562	132671	35109
35	97091	132654	35563
35	97852	132676	34824
35	97446	132684	35238
35	97178	132669	35491
35	100316	132651	32335
35	98843	132660	33817
35	100516	132671	32155
35	98285	132677	34392
35	97480	132676	35196
35	96790	132683	35893
35	99537	132676	33139
35	100971	132604	31633
35	99163	132624	33461
35	98054	132655	34601
35	97551	132669	35118
35	100916	132648	31732
36	97462	132674	35212
36	99483	132607	33124
36	98757	132667	33910
36	97962	132669	34707
36	97702	132675	34973
36	98079	132680	34601
36	99729	132601	32872
36	99376	132671	33295
36	101301	132607	31306
36	98469	132649	34180
36	99948	132648	32700
36	99016	132664	33648
36	97226	132686	35460
36	100055	132637	32582
36	97397	132683	35286
36	99154	132642	33488
36	99279	132646	33367
36	98435	132642	34207
36	97375	132652	35277
36	97546	132664	35118
36	100355	132688	32333
36	97518	132647	35129
36	101298	132642	31344
36	99094	132658	33564
36	99201	132642	33441
36	100769	132640	31871
36	97112	132675	35563
36	100809	132651	31842
36	101710	132588	30878
36	98605	132635	34030
36	98242	132643	34401
36	97264	132681	35417
36	100628	132624	31996
36	98489	132670	34181
36	98396	132659	34263
36	99235	132661	33426
36	102119	132632	30513
36	101299	132644	31345
36	98329	132674	34345
36	99296	132655	33359
36	99295	132613	33318
36	97137	132665	35528
36	99215	132660	33445
36	97546	132677	35131
36	99994	132672	32678
36	102404	132574	30170
36	98283	132684	34401
36	99092	132667	33575
36	98354	132671	34317
36	97197	132661	35464
36	101068	132589	31521
36	98784	132673	33889
36	100647	132663	32016
36	99925	132625	32700
37	98320	132671	34351
37	99384	132601	33217
37	100631	132661	32030
37	100801	132660	31859
37	97041	132691	35650
37	97616	132681	35065
37	98545	132664	34119
37	99856	132627	32771
37	98138	132674	34536
37	100811	132575	31764
37	97556	132677	35121
37	98953	132641	33688
37	97585	132674	35089
37	96918	132676	35758
37	98409	132662	34253
37	99336	132678	33342
37	97935	132656	34721
37	98146	132688	34542
37	99193	132650	33457
37	99372	132660	33288
37	97729	132674	34945
37	97539	132677	35138
37	98381	132674	34293
37	99751	132669	32918
37	101383	132645	31262
37	98302	132679	34377
37	96267	132694	36427
37	99064	132632	33568
37	98753	132651	33898
37	95733	132695	36962
37	100336	132646	32310
37	100674	132600	31926
37	99581	132650	33069
37	99674	132636	32962
37	98475	132686	34211
37	97757	132681	34924
37	100707	132672	31965
37	96940	132695	35755
37	99640	132621	32981
37	97326	132689	35363
37	101449	132669	31220
37	97820	132695	34875
37	98256	132682	34426
37	96582	132658	36076
37	97551	132666	35115
37	99743	132608	32865
37	99122	132650	33528
37	98049	132683	34634
37	97338	132697	35359
37	99416	132649	33233
37	99904	132669	32765
37	99419	132669	33250
37	99769	132654	32885
37	98435	132616	34181
38	97883	132684	34801
38	98256	132686	34430
38	99627	132596	32969
38	102688	132589	29901
38	102219	132614	30395
38	99426	132655	33229
38	98289	132680	34391
38	100079	132662	32583
38	98276	132671	34395
38	98199	132653	34454
38	99658	132648	32990
38	99545	132650	33105
38	97853	132675	34822
38	99305	132643	33338
38	99806	132644	32838
38	98390	132699	34309
38	97932	132678	34746
38	100276	132612	32336
38	97785	132641	34856
38	96789	132691	35902
38	99076	132651	33575
38	98441	132677	34236
38	96403	132675	36272
38	100095	132672	32577
38	99436	132684	33248
38	98059	132640	34581
38	98098	132662	34564
38	99412	132672	33260
38	96862	132679	35817
38	100204	132654	32450
38	97738	132680	34942
38	99499	132594	33095
38	98312	132673	34361
38	98121	132670	34549
38	101365	132618	31253
38	98908	132664	33756
38	96626	132690	36064
38	98636	132670	34034
38	98525	132658	34133
38	98343	132658	34315
38	97601	132663	35062
38	98255	132665	34410
38	97283	132667	35384
38	96543	132695	36152
38	98523	132650	34127
38	97768	132675	34907
38	97580	132633	35053
38	96975	132695	35720
38	99356	132699	33343
38	98047	132678	34631
38	99298	132660	33362
38	96968	132666	35698
38	98784	132647	33863
38	100478	132669	32191
39	97880	132679	34799
39	97799	132667	34868
39	96271	132701	36430
39	98678	132668	33990
39	98411	132630	34219
39	97849	132668	34819
39	99103	132691	33588
39	96435	132676	36241
39	99526	132640	33114
39	96554	132676	36122
39	99078	132658	33580
39	98061	132657	34596
39	97046	132700	35654
39	100003	132674	32671
39	98237	132668	34431
39	99977	132653	32676
39	97807	132672	34865
39	96405	132688	36283
39	99104	132686	33582
39	100302	132631	32329
39	99269	132683	33414
39	98373	132627	34254
39	96620	132709	36089
39	97638	132682	35044
39	100450	132606	32156
39	96598	132683	36085
39	100290	132679	32389
39	97678	132653	34975
39	98390	132669	34279
39	98349	132691	34342
39	99109	132683	33574
39	96589	132680	36091
39	97202	132678	35476
39	96635	132686	36051
39	97511	132643	35132
39	100072	132654	32582
39	98656	132624	33968
39	97572	132670	35098
39	96856	132686	35830
39	98315	132675	34360
39	97320	132672	35352
39	97353	132683	35330
39	98267	132661	34394
39	98594	132627	34033
39	98272	132673	34401
39	100775	132598	31823
39	98212	132635	34423
39	98448	132669	34221
39	98698	132605	33907
39	100697	132590	31893
39	99914	132620	32706
39	100249	132643	32394
39	99158	132680	33522
39	98508	132639	34131
40	97389	132675	35286
40	98973	132684	33711
40	98950	132613	33663
40	96877	132695	35818
40	96352	132690	36338
40	99540	132674	33134
40	96757	132686	35929
40	98615	132696	34081
40	98356	132672	34316
40	97828	132688	34860
40	99761	132688	32927
40	96961	132675	35714
40	97878	132687	34809
40	96076	132696	36620
40	100262	132626	32364
40	99375	132679	33304
40	100046	132643	32597
40	97255	132670	35415
40	96546	132671	36125
40	97716	132690	34974
40	99834	132685	32851
40	96852	132678	35826
40	100420	132651	32231
40	96943	132686	35743
40	97195	132669	35474
40	101439	132647	31208
40	96935	132663	35728
40	97618	132677	35059
40	97583	132674	35091
40	96263	132703	36440
40	100811	132668	31857
40	96696	132673	35977
40	98424	132696	34272
40	98980	132669	33689
40	98204	132651	34447
40	96584	132691	36107
40	98848	132654	33806
40	99421	132680	33259
40	97480	132678	35198
40	97948	132655	34707
40	97992	132692	34700
40	98873	132648	33775
40	99807	132674	32867
40	98233	132679	34446
40	98344	132651	34307
40	97590	132670	35080
40	97723	132681	34958
40	99451	132644	33193
40	99256	132677	33421
40	99025	132675	33650
40	96658	132706	36048
40	97352	132697	35345
40	97534	132677	35143
40	97431	132659	35228
41	96933	132680	35747
41	98697	132678	33981
41	98250	132684	34434
41	97345	132675	35330
41	98198	132676	34478
41	98777	132616	33839
41	96134	132694	36560
41	98803	132667	33864
41	97417	132685	35268
41	97591	132647	35056
41	97767	132675	34908
41	96843	132687	35844
41	98931	132671	33740
41	97053	132691	35638
41	99477	132690	33213
41	97309	132671	35362
41	96280	132681	36401
41	100696	132654	31958
41	96798	132704	35906
41	98393	132695	34302
41	98174	132658	34484
41	95936	132698	36762
41	97465	132682	35217
41	97886	132708	34822
41	100980	132670	31690
41	96502	132679	36177
41	97227	132697	35470
41	98928	132670	33742
41	98267	132678	34411
41	99553	132662	33109
41	97205	132697	35492
41	97891	132674	34783
41	98424	132678	34254
41	97611	132670	35059
41	96687	132692	36005
41	97909	132638	34729
41	98150	132686	34536
41	96571	132701	36130
41	100318	132665	32347
41	99936	132674	32738
41	98997	132657	33660
41	98384	132606	34222
41	98715	132658	33943
41	96266	132658	36392
41	97633	132691	35058
41	97964	132695	34731
41	96879	132704	35825
41	95755	132710	36955
41	95940	132707	36767
41	97453	132700	35247
41	97803	132669	34866
41	96438	132690	36252
41	96947	132697	35750
41	97258	132690	35432
42	97805	132675	34870
42	97077	132686	35609
42	96886	132702	35816
42	99304	132632	33328
42	96453	132679	36226
42	95812	132690	36878
42	96220	132697	36477
42	95898	132692	36794
42	96533	132695	36162
42	97270	132696	35426
42	96546	132700	36154
42	98529	132687	34158
42	97455	132677	35222
42	97169	132689	35520
42	99578	132696	33118
42	96749	132688	35939
42	98066	132697	34631
42	97244	132698	35454
42	95741	132696	36955
42	96852	132695	35843
42	97552	132690	35138
42	98615	132674	34059
42	99065	132684	33619
42	96767	132679	35912
42	98368	132674	34306
42	96504	132693	36189
42	95720	132708	36988
42	97363	132670	35307
42	95874	132680	36806
42	96948	132664	35716
42	96170	132702	36532
42	98110	132630	34520
42	96878	132692	35814
42	100462	132615	32153
42	97349	132698	35349
42	96795	132685	35890
42	96273	132703	36430
42	99031	132693	33662
42	96823	132694	35871
42	98985	132604	33619
42	98043	132684	34641
42	96731	132672	35941
42	99653	132667	33014
42	97786	132668	34882
42	97146	132672	35526
42	97801	132707	34906
42	97658	132665	35007
42	98095	132676	34581
42	99175	132689	33514
42	95642	132694	37052
42	95897	132714	36817
42	99463	132681	33218
42	98277	132696	34419
42	98211	132685	34474
43	96327	132697	36370
43	99248	132677	33429
43	96399	132694	36295
43	98243	132684	34441
43	96146	132679	36533
43	95682	132699	37017
43	97193	132682	35489
43	97802	132689	34887
43	96969	132692	35723
43	96279	132689	36410
43	97108	132678	35570
43	98175	132673	34498
43	97003	132707	35704
43	99659	132688	33029
43	97041	132675	35634
43	98824	132691	33867
43	96222	132682	36460
43	96349	132693	36344
43	96209	132678	36469
43	96178	132695	36517
43	98061	132688	34627
43	96120	132691	36571
43	97079	132677	35598
43	98126	132600	34474
43	99787	132683	32896
43	96808	132694	35886
43	97004	132692	35688
43	95965	132691	36726
43	98003	132663	34660
43	95572	132693	37121
43	97764	132680	34916
43	96798	132682	35884
43	97194	132667	35473
43	99156	132678	33522
43	95781	132707	36926
43	95967	132703	36736
43	96697	132702	36005
43	96988	132679	35691
43	97121	132694	35573
43	95877	132694	36817
43	97828	132654	34826
43	96474	132698	36224
43	96736	132711	35975
43	98090	132690	34600
43	96830	132687	35857
43	98760	132662	33902
43	96561	132671	36110
43	98083	132703	34620
43	95521	132700	37179
43	97070	132673	35603
43	96536	132685	36149
43	96667	132688	36021
43	97718	132695	34977
43	99485	132652	33167
44	95607	132703	37096
44	96879	132686	35807
44	96502	132688	36186
44	97274	132686	35412
44	97345	132694	35349
44	96923	132667	35744
44	97075	132690	35615
44	96622	132693	36071
44	96297	132686	36389
44	96439	132699	36260
44	96612	132680	36068
44	97844	132691	34847
44	97386	132680	35294
44	95893	132708	36815
44	96386	132698	36312
44	97457	132691	35234
44	96057	132704	36647
44	96159	132705	36546
44	96618	132673	36055
44	96730	132690	35960
44	98097	132684	34587
44	98332	132692	34360
44	99951	132679	32728
44	98174	132682	34508
44	96519	132696	36177
44	98156	132680	34524
44	97762	132694	34932
44	96517	132704	36187
44	95995	132703	36708
44	95647	132690	37043
44	96949	132677	35728
44	96866	132690	35824
44	96681	132663	35982
44	98858	132628	33770
44	96741	132695	35954
44	98729	132641	33912
44	97787	132686	34899
44	97126	132677	35551
44	96852	132691	35839
44	95967	132700	36733
44	96448	132698	36250
44	98682	132681	33999
44	96385	132689	36304
44	98859	132678	33819
44	99244	132659	33415
44	96754	132693	35939
44	97171	132687	35516
44	97657	132681	35024
44	97009	132682	35673
44	98743	132698	33955
44	96115	132703	36588
44	97622	132641	35019
44	97424	132687	35263
44	97601	132677	35076
45	96971	132695	35724
45	96920	132687	35767
45	96756	132699	35943
45	96462	132706	36244
45	96264	132675	36411
45	97239	132679	35440
45	95874	132699	36825
45	97341	132692	35351
45	95793	132695	36902
45	96613	132686	36073
45	98344	132689	34345
45	96016	132705	36689
45	97632	132702	35070
45	95737	132708	36971
45	96523	132673	36150
45	95977	132700	36723
45	96297	132714	36417
45	95864	132687	36823
45	97186	132693	35507
45	97569	132699	35130
45	97298	132675	35377
45	97273	132710	35437
45	95592	132710	37118
45	98843	132683	33840
45	95508	132685	37177
45	96022	132706	36684
45	96528	132690	36162
45	96477	132696	36219
45	97404	132695	35291
45	95953	132701	36748
45	95950	132708	36758
45	95888	132698	36810
45	99258	132679	33421
45	95312	132694	37382
45	96219	132703	36484
45	96098	132698	36600
45	95542	132702	37160
45	95875	132707	36832
45	96685	132702	36017
45	96753	132696	35943
45	96648	132696	36048
45	98916	132696	33780
45	97907	132636	34729
45	96244	132708	36464
45	96917	132695	35778
45	97474	132672	35198
45	95635	132705	37070
45	96405	132689	36284
45	98789	132683	33894
45	98123	132706	34583
45	96535	132697	36162
45	96890	132691	35801
45	96393	132714	36321
45	97518	132686	35168
46	97982	132652	34670
46	95562	132691	37129
46	95185	132710	37525
46	95597	132713	37116
46	95997	132719	36722
46	96074	132691	36617
46	95961	132703	36742
46	96810	132704	35894
46	98221	132686	34465
46	98802	132695	33893
46	96987	132699	35712
46	95590	132683	37093
46	96298	132705	36407
46	95439	132703	37264
46	96195	132678	36483
46	96239	132697	36458
46	96751	132698	35947
46	96119	132691	36572
46	95724	132710	36986
46	95337	132689	37352
46	95558	132686	37128
46	96094	132688	36594
46	95822	132682	36860
46	95414	132709	37295
46	97079	132682	35603
46	98136	132689	34553
46	97295	132705	35410
46	95699	132709	37010
46	95822	132705	36883
46	95771	132702	36931
46	95952	132708	36756
46	95827	132704	36877
46	98114	132693	34579
46	95718	132700	36982
46	95788	132702	36914
46	97139	132697	35558
46	95494	132700	37206
46	96938	132699	35761
46	95534	132709	37175
46	100316	132680	32364
46	96953	132684	35731
46	99552	132634	33082
46	96112	132696	36584
46	98282	132691	34409
46	97353	132710	35357
46	96842	132693	35851
46	96101	132689	36588
46	96859	132702	35843
46	97720	132671	34951
46	96785	132698	35913
46	95478	132697	37219
46	96149	132687	36538
46	95712	132699	36987
46	95504	132707	37203
47	96500	132688	36188
47	95876	132703	36827
47	97045	132692	35647
47	95392	132707	37315
47	96795	132693	35898
47	95233	132713	37480
47	95980	132672	36692
47	97029	132707	35678
47	96595	132697	36102
47	95692	132713	37021
47	95352	132713	37361
47	96043	132707	36664
47	95449	132708	37259
47	95605	132688	37083
47	96051	132712	36661
47	95838	132698	36860
47	96142	132699	36557
47	95980	132693	36713
47	95725	132686	36961
47	96317	132704	36387
47	95313	132715	37402
47	95252	132713	37461
47	96566	132685	36119
47	97316	132705	35389
47	96283	132699	36416
47	95692	132712	37020
47	97529	132710	35181
47	95640	132710	37070
47	96526	132693	36167
47	96012	132685	36673
47	96965	132704	35739
47	95774	132711	36937
47	97385	132691	35306
47	96639	132695	36056
47	96592	132699	36107
47	96567	132695	36128
47	95509	132711	37202
47	95497	132715	37218
47	97233	132630	35397
47	97960	132699	34739
47	95539	132709	37170
47	95427	132709	37282
47	97601	132677	35076
47	95485	132716	37231
47	96461	132677	36216
47	96212	132675	36463
47	96390	132687	36297
47	95564	132711	37147
47	95415	132710	37295
47	95934	132701	36767
47	95996	132707	36711
47	97229	132705	35476
47	95540	132712	37172
47	96351	132704	36353
48	97085	132697	35612
48	95384	132703	37319
48	98019	132692	34673
48	95857	132702	36845
48	96996	132713	35717
48	95163	132709	37546
48	97170	132658	35488
48	95840	132704	36864
48	98175	132685	34510
48	96578	132694	36116
48	95300	132711	37411
48	97331	132705	35374
48	96296	132695	36399
48	95220	132711	37491
48	98550	132699	34149
48	95298	132714	37416
48	95965	132704	36739
48	97168	132702	35534
48	96203	132715	36512
48	99553	132646	33093
48	95412	132715	37303
48	95140	132712	37572
48	97938	132696	34758
48	96901	132696	35795
48	97287	132675	35388
48	95326	132708	37382
48	97947	132700	34753
48	95382	132715	37333
48	95329	132718	37389
48	98929	132687	33758
48	95152	132704	37552
48	96208	132702	36494
48	95533	132704	37171
48	95638	132712	37074
48	95339	132714	37375
48	95338	132713	37375
48	95324	132714	37390
48	96027	132714	36687
48	95236	132714	37478
48	97496	132684	35188
48	95415	132709	37294
48	96218	132691	36473
48	96033	132711	36678
48	95458	132692	37234
48	95882	132715	36833
48	95673	132711	37038
48	95962	132708	36746
48	95528	132707	37179
48	97347	132706	35359
48	96515	132698	36183
48	96987	132688	35701
48	96966	132692	35726
48	95529	132712	37183
48	96381	132708	36327
49	96532	132703	36171
49	95612	132715	37103
49	95943	132714	36771
49	95120	132710	37590
49	95697	132705	37008
49	95798	132701	36903
49	97439	132702	35263
49	96499	132701	36202
49	95204	132714	37510
49	96169	132701	36532
49	95873	132709	36836
49	95825	132708	36883
49	96634	132687	36053
49	95890	132716	36826
49	95490	132713	37223
49	95316	132708	37392
49	95299	132704	37405
49	98119	132639	34520
49	95461	132707	37246
49	95696	132713	37017
49	95251	132701	37450
49	95919	132705	36786
49	95395	132714	37319
49	95281	132710	37429
49	96404	132703	36299
49	96842	132710	35868
49	95059	132711	37652
49	95162	132703	37541
49	97048	132697	35649
49	95054	132704	37650
49	95237	132719	37482
49	95046	132712	37666
49	95482	132713	37231
49	95254	132700	37446
49	95227	132694	37467
49	96744	132713	35969
49	96057	132703	36646
49	95008	132715	37707
49	95689	132697	37008
49	96662	132695	36033
49	96460	132708	36248
49	97187	132706	35519
49	97163	132702	35539
49	95348	132707	37359
49	95106	132712	37606
49	95413	132712	37299
49	95322	132707	37385
49	96266	132707	36441
49	95860	132688	36828
49	95085	132713	37628
49	95134	132711	37577
49	95503	132707	37204
49	97529	132705	35176
49	96127	132687	36560
50	95284	132716	37432
50	95154	132716	37562
50	95519	132714	37195
50	95342	132694	37352
50	95571	132709	37138
50	95648	132707	37059
50	95610	132718	37108
50	96965	132695	35730
50	95806	132716	36910
50	95846	132713	36867
50	95658	132716	37058
50	96750	132698	35948
50	98103	132704	34601
50	95583	132706	37123
50	95263	132719	37456
50	95050	132706	37656
50	95027	132708	37681
50	95568	132703	37135
50	95194	132718	37524
50	95144	132699	37555
50	95465	132719	37254
50	97643	132703	35060
50	96625	132704	36079
50	95046	132716	37670
50	95814	132709	36895
50	95549	132701	37152
50	95185	132713	37528
50	95583	132712	37129
50	95280	132715	37435
50	95248	132714	37466
50	95175	132713	37538
50	95649	132713	37064
50	95505	132705	37200
50	95351	132708	37357
50	95078	132713	37635
50	95759	132706	36947
50	95214	132709	37495
50	95021	132715	37694
50	95889	132714	36825
50	95217	132716	37499
50	96095	132704	36609
50	95255	132710	37455
50	95099	132718	37619
50	95001	132718	37717
50	95335	132715	37380
50	95178	132715	37537
50	95929	132688	36759
50	95387	132714	37327
50	95647	132711	37064
50	95732	132702	36970
50	95422	132719	37297
50	97025	132710	35685
50	95576	132715	37139
50	95028	132711	37683
51	95377	132703	37326
51	95258	132712	37454
51	97436	132703	35267
51	95143	132713	37570
51	95007	132711	37704
51	95294	132717	37423
51	95218	132697	37479
51	95072	132714	37642
51	95305	132714	37409
51	96810	132703	35893
51	95012	132715	37703
51	95007	132716	37709
51	95152	132711	37559
51	95848	132707	36859
51	95244	132711	37467
51	95609	132709	37100
51	95014	132716	37702
51	95843	132712	36869
51	95785	132708	36923
51	95712	132712	37000
51	95098	132711	37613
51	95381	132703	37322
51	95003	132706	37703
51	95467	132697	37230
51	95322	132715	37393
51	95529	132707	37178
51	96009	132704	36695
51	94953	132710	37757
51	95367	132711	37344
51	95155	132714	37559
51	95720	132709	36989
51	95239	132719	37480
51	95331	132711	37380
51	95106	132714	37608
51	96606	132703	36097
51	95246	132711	37465
51	95076	132714	37638
51	95956	132699	36743
51	95134	132716	37582
51	95154	132714	37560
51	95120	132716	37596
51	94950	132716	37766
51	95806	132714	36908
51	95092	132711	37619
51	95085	132713	37628
51	94872	132710	37838
51	95310	132713	37403
51	95425	132713	37288
51	95483	132707	37224
51	95351	132714	37363
51	95601	132708	37107
51	95747	132708	36961
51	95595	132715	37120
51	95005	132719	37714
52	95123	132719	37596
52	95553	132709	37156
52	95343	132704	37361
52	95606	132719	37113
52	94938	132711	37773
52	94979	132715	37736
52	95160	132719	37559
52	94875	132719	37844
52	95232	132715	37483
52	94930	132715	37785
52	94957	132719	37762
52	95337	132716	37379
52	94948	132719	37771
52	95122	132701	37579
52	94897	132716	37819
52	95070	132717	37647
52	95006	132719	37713
52	94951	132719	37768
52	94896	132719	37823
52	95015	132705	37690
52	97104	132706	35602
52	94878	132719	37841
52	95602	132716	37114
52	95146	132716	37570
52	94910	132713	37803
52	95590	132709	37119
52	94899	132716	37817
52	96643	132713	36070
52	95429	132719	37290
52	95012	132705	37693
52	94921	132716	37795
52	95114	132716	37602
52	95015	132709	37694
52	94862	132719	37857
52	96200	132708	36508
52	94927	132719	37792
52	94937	132719	37782
52	94895	132719	37824
52	94924	132719	37795
52	94954	132719	37765
52	95077	132719	37642
52	95185	132716	37531
52	94899	132719	37820
52	95206	132705	37499
52	95302	132707	37405
52	95179	132698	37519
52	95662	132719	37057
52	94993	132718	37725
52	95059	132713	37654
52	95230	132703	37473
52	95447	132715	37268
52	94947	132719	37772
52	95067	132719	37652
53	95583	132709	37126
53	95586	132714	37128
53	94951	132719	37768
53	94865	132719	37854
53	94848	132719	37871
53	94950	132715	37765
53	94905	132718	37813
53	94860	132719	37859
53	94973	132714	37741
53	94966	132712	37746
53	94866	132719	37853
53	94874	132719	37845
53	94843	132719	37876
53	94890	132719	37829
53	94944	132719	37775
53	95291	132712	37421
53	95486	132709	37223
53	94842	132715	37873
53	95183	132715	37532
53	94886	132719	37833
53	94919	132719	37800
53	94850	132714	37864
53	94851	132719	37868
53	96635	132713	36078
53	94948	132719	37771
53	95043	132719	37676
53	94934	132719	37785
53	94884	132711	37827
53	94908	132719	37811
53	94840	132719	37879
53	94878	132716	37838
53	94861	132719	37858
